Country	1990	1991	1992	1993	1994	1995	1996	1997	1998	1999	2000	2001	2002	2003	2004	2005	2006	2007	2008	2009	2010	2011	2012	2013	2014	2015	2016	2017
Albania	0	0	0	0	0	0	0	0	0	0	0	0	0	0	0	0	0	4	6	5	8	7	12	10.5	11	10	11.5	11
Algeria	6	37	27	21	16.5	51.5	50.5	15	54.5	33.5	26.5	25.5	15	69.5	33.5	32	21.5	24	61.5	26.5	67	39.5	66	44	69.5	82	63	80
Argentina	8	9	10	8	6.5	11	11.5	8	6.5	11	4	10	11	13.5	18	23	15	27	23	17	20	32	17	30	30	24	24	43.5
Egypt	0.5	1	1	1	1	2.5	0.5	1	0.5	2.5	0.5	1.5	5	2	2.5	2.5	10.5	7.5	5	3	4	9	16.5	20	17	16.5	30	28
Iran	0.5	0.5	2	3	1.5	3	1.5	3	2.5	2.5	3	2.5	1.5	2.5	4	4.5	4	4.5	4.5	4	4	7	3.5	5	4.5	5	3.5	9
Iraq	0	0	0	0	0	0	0	0	0	0	0	0	0	0	0	0	0	0	0	0	0	0	0	0	0	0	0	0
Israel	8	2.5	7.5	1.5	5.5	5	5.5	3	4.5	2.5	7	3.5	9	3	9	3	8.5	4	9	3.5	12.5	13	18	15	18.5	18	15	16
Jordan	8	5	14	12.5	13.5	14	23	14	21.5	6.5	27	14	28	25	29	22	37	21.5	18.5	17	27	19.5	21.5	19	23	29.5	20	25
Lebanon	6	5	8	2	5	5	6.5	3.5	7	5	6	5	6	7.5	6	5.5	6	10.5	12	9	32	14	14	16.5	21	23	25	25
Libya	7	10	6	8	6.5	4	10	6	8	7	4	7	6.5	12.5	12.5	9	11	13	15	15	15	15	15	18	15.5	18	16	18
Morocco	36	50	38	40	45	35	110	70	65	40	35	60	45	100	50	75	75	85	85	140	130	120	100	130	120	130	110	140
Montenegro	3.5	2	1.5	2	2.5	1.5	0.5	0.5	1	1	0.5	0.5	0.5	0.5	0.5	0.5	0.5	0.5	0.5	0.5	0.5	0.5	0.5	0.5	0.5	0.5	0.5	0.5
Palestine	0	0	31	1	8	12	12	9	5.5	2	20	18	21.5	5	20	10	31.5	8	20	5.5	25	15.5	15.5	17.5	24.5	21	19.5	19
Tunisia	175	250	120	235	100	60	270	93	215	210	130	35	72	280	130	220	160	170	160	150	120	182	220	70	340	140	100	280
Turkey	80	60	56	48	160	40	200	40	170	70	175	65	140	79	145	112	165	72	130	147	160	191	195	135	160	150	208	263
EU	994	1719	1391.5	1359.5	1371	1403.5	1754.5	2116.5	1707	1878.5	1940.5	2463.5	1942.5	2448	2357	1928.5	2031	2118.5	1939	2224.5	2209	2395	1461.5	2482.5	1434.5	2324	1751.5	2174.5
Cyprus	2	1.5	3	3	3	2.5	2	1.5	2.5	3.5	5.5	6.5	7	7	7.5	7.2	8.3	4	2.8	4.2	6.5	6.5	5.6	3.8	6.2	6	6	6
Croatia	0	0	0	0	0	0	0	1.5	5	9	5.5	5	7	3	5	5	4	4.5	6	5	5	4	4	4.6	1.1	5.5	5	2.6
Spain	639.4	593	623.1	550.9	538.8	337.6	947.3	1077	791.9	669.1	973.7	1411.4	861.1	1412	989.8	826.9	1111.4	1236.1	1030	1401.5	1391.9	1615	618.2	1781.5	842.2	1403.3	1290.6	1251.3
France	1	4.3	1.6	2.3	2	2.3	2.5	2.7	3.4	4.1	3.2	3.6	4.7	4.6	4.7	4.4	3.3	4.7	7	5.7	6.1	3.2	5.1	4.8	1.7	5.4	2.8	4.5
Greece	170	385	310	254	350	400	390	375	473	420	430	358.3	414	308	435	424	370	327.2	305	320	301	294.6	357.9	132	300	320	195	346
Italy	163.3	674.5	435	520	448	620	370	620	403.5	735	509	656.7	634	685	879	636.5	490	510	540	430	440	399.2	415.5	463.7	222	474.6	182.3	428.9
Malta	0	0	0	0	0	0	0	0	0	0	0	0	0	0	0	0	0	0	0	0	0	0	0	0	0.1	0	0	0
Portugal	20	62	22	32.1	32.2	43.7	44.8	42	35.1	50.2	24.6	33.7	28.9	31.2	41.2	29.1	47.5	36.3	53.4	62.5	62.9	76.2	59.2	91.6	61	109.1	69.4	134.8
Slovenia	0	0	0	0	0	0	0	0	0	0	0	0	0	0.2	0	0.5	0.3	0.4	0.5	0.7	0.7	0.5	0.2	0.6	0.2	0.5	0.4	0.4
Uruguay	0	0	0	0	0	0	0	0	0	0	0	0	0	0	0	0	0	0	0	0	0	0	0	0.5	0.5	0.5	0.5	1
Saudi Arabia	0	0	0	0	0	0	0	0	0	0	0	0	0	0	0	0	2.5	3	3	3	3	3	3	3	3	3	3	3
Australia	0	0	0	0	0	0	0	0	0	0.5	1	1	2	2.5	5	9	9	12	15	18	18	15.5	9.5	13.5	19.5	20	21	21
Brazil	0	0	0	0	0	0	0	0	0	0	0	0	0	0	0	0	0	0	0	0	0	0	0	0	0	0	0	0
Canada	0	0	0	0	0	0	0	0	0	0	0	0	0	0	0	0	0	0	0	0	0	0	0	0	0	0	0	0
Chile	0	0	0	0	0	0	0	0	0	0	0	0	0	0	0	0	5	6.5	8.5	12	16	21.5	15	15	18.5	17.5	19	16.5
China	0	0	0	0	0	0	0	0	0	0	0	0	0	0	0	0	0	0	0	0	0	0	0	0	2.5	5	5	6
USA	1	0.5	1	4.5	1	1	1	1	1	1	0.5	0.5	1	1	1.5	1	1	2	3	3	4	4	4	12	5	14	15	16
Japan	0	0	0	0	0	0	0	0	0	0	0	0	0	0	0	0	0	0	0	0	0	0	0	0	0	0	0	0
Mexico	2.5	2	2	3	2	2	2.5	2	2.5	1	1.5	2	2.5	2.5	2.5	2	0	0	0	0	0	0	0	0	0	0	0	0
Norway	0	0	0	0	0	0	0	0	0	0	0	0	0	0	0	0	0	0	0	0	0	0	0	0	0	0	0	0
Russia	0	0	0	0	0	0	0	0	0	0	0	0	0	0	0	0	0	0	0	0	0	0	0	0	0	0	0	0
Syria	83	42	86	65	90	76	125	70	115	81	165	92	165	110	175	100	154	100	130	150	180	198	175	180	105	110	110	100
Switzerland	0	0	0	0	0	0	0	0	0	0	0	0	0	0	0	0	0	0	0	0	0	0	0	0	0	0	0	0
Taiwan	0	0	0	0	0	0	0	0	0	0	0	0	0	0	0	0	0	0	0	0	0	0	0	0	0	0	0	0
Others	32	9	6	7	7	6	8.5	7	7.5	6.5	7.5	7.5	7.5	7	7	8	15	15	15	15	15	15	15	14.5	14.5	15	15.5	15.5

