WP_006195022.1	45	250	52	4.8077
WP_011242314.1	170	844	211	4.0000
WP_011242315.1	342	1742	431	4.0418
WP_011242317.1	151	742	203	3.6552
WP_011242318.1	465	2293	645	3.5550
WP_011242319.1	439	2181	595	3.6655
WP_011242320.1	186	912	264	3.4545
WP_011242321.1	418	2079	586	3.5478
WP_011242322.1	254	1316	331	3.9758
WP_011242323.1	330	1607	430	3.7372
WP_011242324.1	297	1454	412	3.5291
WP_011242325.1	197	964	267	3.6105
WP_011242326.1	280	1376	383	3.5927
WP_011242330.1	224	1095	329	3.3283
WP_011242334.1	138	731	175	4.1771
WP_011242335.1	105	520	138	3.7681
WP_011242337.1	731	3717	1043	3.5638
WP_011242338.1	79	377	106	3.5566
WP_011242339.1	172	860	230	3.7391
WP_011242340.1	747	3582	979	3.6588
WP_011242341.1	269	1433	348	4.1178
WP_011242342.1	528	2635	720	3.6597
WP_011242343.1	266	1296	349	3.7135
WP_011242344.1	890	4650	1235	3.7652
WP_011242345.1	681	3406	933	3.6506
WP_011242346.1	463	2273	574	3.9599
WP_011242347.1	584	2918	806	3.6203
WP_011242348.1	279	1429	345	4.1420
WP_011242351.1	559	2926	796	3.6759
WP_011242354.1	492	2515	692	3.6344
WP_011242356.1	436	2159	601	3.5923
WP_011242358.1	859	4110	1139	3.6084
WP_011242359.1	429	2038	573	3.5567
WP_011242360.1	285	1439	384	3.7474
WP_011242361.1	295	1421	395	3.5975
WP_011242362.1	271	1360	361	3.7673
WP_011242364.1	341	1681	456	3.6864
WP_011242365.1	327	1590	456	3.4868
WP_011242366.1	245	1136	314	3.6178
WP_011242367.1	213	1043	294	3.5476
WP_011242368.1	264	1285	358	3.5894
WP_011242369.1	361	1688	499	3.3828
WP_011242370.1	280	1426	396	3.6010
WP_011242371.1	57	296	99	2.9899
WP_011242374.1	450	2201	638	3.4498
WP_011242375.1	192	1030	276	3.7319
WP_011242376.1	186	882	228	3.8684
WP_011242379.1	1148	5721	1614	3.5446
WP_011242381.1	97	478	115	4.1565
WP_011242382.1	408	1887	533	3.5403
WP_011242384.1	45	221	90	2.4556
WP_011242385.1	122	634	207	3.0628
WP_011242386.1	128	650	181	3.5912
WP_011242387.1	392	1928	506	3.8103
WP_011242388.1	168	825	244	3.3811
WP_011242391.1	501	2495	717	3.4798
WP_011242392.1	522	2748	729	3.7695
WP_011242393.1	823	4065	1183	3.4362
WP_011242394.1	230	1131	286	3.9545
WP_011242395.1	219	1040	286	3.6364
WP_011242396.1	407	2078	579	3.5889
WP_011242397.1	160	743	202	3.6782
WP_011242399.1	321	1561	445	3.5079
WP_011242400.1	239	1317	329	4.0030
WP_011242401.1	213	1069	307	3.4821
WP_011242402.1	111	506	139	3.6403
WP_011242403.1	299	1469	424	3.4646
WP_011242404.1	169	830	239	3.4728
WP_011242405.1	240	1247	347	3.5937
WP_011242406.1	179	963	261	3.6897
WP_011242408.1	356	1701	489	3.4785
WP_011242410.1	85	427	128	3.3359
WP_011242411.1	206	987	273	3.6154
WP_011242412.1	188	963	266	3.6203
WP_011242413.1	225	1120	331	3.3837
WP_011242414.1	293	1353	365	3.7068
WP_011242415.1	335	1561	435	3.5885
WP_011242416.1	346	1620	483	3.3540
WP_011242418.1	478	2257	648	3.4830
WP_011242419.1	153	737	199	3.7035
WP_011242420.1	266	1320	378	3.4921
WP_011242421.1	355	1657	482	3.4378
WP_011242422.1	320	1563	424	3.6863
WP_011242423.1	272	1354	373	3.6300
WP_011242425.1	371	1816	497	3.6539
WP_011242426.1	357	1735	477	3.6373
WP_011242427.1	144	747	200	3.7350
WP_011242428.1	325	1594	422	3.7773
WP_011242429.1	306	1445	400	3.6125
WP_011242430.1	533	2754	642	4.2897
WP_011242431.1	164	833	237	3.5148
WP_011242433.1	92	445	142	3.1338
WP_011242434.1	148	805	228	3.5307
WP_011242435.1	582	2863	790	3.6241
WP_011242436.1	199	898	256	3.5078
WP_011242437.1	352	1712	469	3.6503
WP_011242438.1	561	2749	778	3.5334
WP_011242439.1	145	690	196	3.5204
WP_011242440.1	285	1430	428	3.3411
WP_011242441.1	136	646	182	3.5495
WP_011242442.1	395	1900	527	3.6053
WP_011242444.1	472	2377	646	3.6796
WP_011242445.1	276	1295	357	3.6275
WP_011242446.1	161	720	200	3.6000
WP_011242447.1	539	2530	756	3.3466
WP_011242448.1	99	485	140	3.4643
WP_011242449.1	102	486	135	3.6000
WP_011242450.1	466	2315	621	3.7279
WP_011242451.1	286	1416	360	3.9333
WP_011242452.1	327	1563	444	3.5203
WP_011242453.1	883	4389	1242	3.5338
WP_011242454.1	521	2572	607	4.2372
WP_011242455.1	241	1164	338	3.4438
WP_011242456.1	251	1230	307	4.0065
WP_011242457.1	149	712	178	4.0000
WP_011242458.1	235	1169	325	3.5969
WP_011242459.1	540	2582	731	3.5321
WP_011242460.1	340	1647	457	3.6039
WP_011242461.1	211	1107	291	3.8041
WP_011242462.1	543	2748	696	3.9483
WP_011242463.1	368	1771	513	3.4522
WP_011242464.1	175	873	244	3.5779
WP_011242465.1	229	1144	336	3.4048
WP_011242467.1	419	2194	601	3.6506
WP_011242468.1	125	644	163	3.9509
WP_011242469.1	373	1898	536	3.5410
WP_011242471.1	740	4014	1022	3.9276
WP_011242473.1	85	435	122	3.5656
WP_011242474.1	139	672	198	3.3939
WP_011242475.1	587	3027	820	3.6915
WP_011242476.1	304	1541	432	3.5671
WP_011242477.1	1355	6384	1702	3.7509
WP_011242478.1	512	2447	721	3.3939
WP_011242480.1	360	1830	462	3.9610
WP_011242481.1	237	1199	363	3.3030
WP_011242482.1	275	1323	385	3.4364
WP_011242483.1	377	1855	534	3.4738
WP_011242486.1	170	866	216	4.0093
WP_011242490.1	574	2907	737	3.9444
WP_011242491.1	453	2213	622	3.5579
WP_011242492.1	413	2063	556	3.7104
WP_011242493.1	764	3820	1103	3.4633
WP_011242495.1	173	820	233	3.5193
WP_011242496.1	543	2735	815	3.3558
WP_011242497.1	231	1112	276	4.0290
WP_011242498.1	1190	5910	1568	3.7691
WP_011242499.1	440	2296	649	3.5378
WP_011242501.1	111	563	157	3.5860
WP_011242502.1	455	2296	652	3.5215
WP_011242503.1	303	1558	392	3.9745
WP_011242505.1	138	739	203	3.6404
WP_011242506.1	161	818	254	3.2205
WP_011242507.1	167	814	224	3.6339
WP_011242508.1	436	2154	594	3.6263
WP_011242509.1	401	2033	561	3.6239
WP_011242510.1	263	1346	367	3.6676
WP_011242513.1	151	766	203	3.7734
WP_011242514.1	929	4735	1293	3.6620
WP_011242515.1	498	2409	628	3.8360
WP_011242516.1	222	1160	293	3.9590
WP_011242517.1	656	3265	889	3.6727
WP_011242519.1	228	1178	330	3.5697
WP_011242520.1	331	1620	447	3.6242
WP_011242521.1	103	526	130	4.0462
WP_011242522.1	201	1014	239	4.2427
WP_011242523.1	202	1053	278	3.7878
WP_011242524.1	372	1911	444	4.3041
WP_011242525.1	363	1873	507	3.6943
WP_011242527.1	192	947	271	3.4945
WP_011242528.1	64	281	70	4.0143
WP_011242533.1	264	1332	379	3.5145
WP_011242534.1	465	2326	661	3.5189
WP_011242535.1	231	1077	299	3.6020
WP_011242536.1	206	1019	277	3.6787
WP_011242537.1	58	302	79	3.8228
WP_011242539.1	208	1012	268	3.7761
WP_011242540.1	130	653	177	3.6893
WP_011242541.1	1153	5771	1624	3.5536
WP_011242543.1	919	4582	1272	3.6022
WP_011242545.1	75	368	101	3.6436
WP_011242546.1	339	1665	478	3.4833
WP_011242547.1	318	1665	509	3.2711
WP_011242548.1	179	875	262	3.3397
WP_011242549.1	283	1413	338	4.1805
WP_011242550.1	245	1233	374	3.2968
WP_011242551.1	345	1614	462	3.4935
WP_011242552.1	466	2293	652	3.5169
WP_011242554.1	599	3047	857	3.5554
WP_011242557.1	323	1623	439	3.6970
WP_011242558.1	310	1489	437	3.4073
WP_011242559.1	337	1679	463	3.6263
WP_011242560.1	271	1361	323	4.2136
WP_011242561.1	186	891	258	3.4535
WP_011242562.1	536	2616	758	3.4512
WP_011242564.1	132	670	176	3.8068
WP_011242566.1	473	2390	718	3.3287
WP_011242567.1	189	965	263	3.6692
WP_011242568.1	320	1576	439	3.5900
WP_011242569.1	576	2918	809	3.6069
WP_011242570.1	469	2178	598	3.6421
WP_011242571.1	231	1170	316	3.7025
WP_011242572.1	462	2342	675	3.4696
WP_011242574.1	811	4003	1126	3.5551
WP_011242575.1	694	3507	1019	3.4416
WP_011242576.1	122	596	177	3.3672
WP_011242577.1	56	234	71	3.2958
WP_011242578.1	446	2104	583	3.6089
WP_011242579.1	168	829	215	3.8558
WP_011242580.1	610	2652	702	3.7778
WP_011242582.1	323	1482	419	3.5370
WP_011242583.1	90	414	103	4.0194
WP_011242584.1	165	819	244	3.3566
WP_011242585.1	327	1644	475	3.4611
WP_011242586.1	230	1133	315	3.5968
WP_011242587.1	364	1785	511	3.4932
WP_011242588.1	66	354	117	3.0256
WP_011242589.1	116	599	202	2.9653
WP_011242590.1	260	1310	388	3.3763
WP_011242591.1	387	1855	498	3.7249
WP_011242592.1	175	900	243	3.7037
WP_011242593.1	511	2428	683	3.5549
WP_011242594.1	175	893	253	3.5296
WP_011242595.1	245	1288	349	3.6905
WP_011242596.1	465	2278	606	3.7591
WP_011242597.1	484	2320	639	3.6307
WP_011242598.1	259	1282	369	3.4743
WP_011242600.1	237	1124	310	3.6258
WP_011242603.1	539	2663	747	3.5649
WP_011242605.1	275	1329	408	3.2574
WP_011242606.1	392	2000	521	3.8388
WP_011242607.1	137	749	212	3.5330
WP_011242608.1	615	2946	765	3.8510
WP_011242609.1	184	943	246	3.8333
WP_011242610.1	387	1885	530	3.5566
WP_011242611.1	131	639	184	3.4728
WP_011242612.1	425	2146	593	3.6189
WP_011242613.1	349	1614	455	3.5473
WP_011242614.1	159	793	205	3.8683
WP_011242615.1	44	243	55	4.4182
WP_011242617.1	79	393	108	3.6389
WP_011242618.1	504	2547	687	3.7074
WP_011242621.1	231	1108	322	3.4410
WP_011242622.1	309	1548	445	3.4787
WP_011242623.1	349	1706	494	3.4534
WP_011242624.1	512	2526	719	3.5132
WP_011242625.1	443	2200	582	3.7801
WP_011242626.1	279	1430	349	4.0974
WP_011242627.1	659	3250	899	3.6151
WP_011242628.1	274	1355	373	3.6327
WP_011242629.1	729	3581	995	3.5990
WP_011242631.1	227	1220	275	4.4364
WP_011242632.1	179	846	225	3.7600
WP_011242633.1	324	1563	413	3.7845
WP_011242634.1	289	1508	389	3.8766
WP_011242635.1	276	1359	370	3.6730
WP_011242636.1	289	1480	375	3.9467
WP_011242637.1	244	1161	337	3.4451
WP_011242639.1	248	1251	345	3.6261
WP_011242640.1	366	1689	518	3.2606
WP_011242641.1	392	1991	534	3.7285
WP_011242642.1	294	1401	407	3.4423
WP_011242643.1	125	623	162	3.8457
WP_011242644.1	88	409	130	3.1462
WP_011242645.1	127	625	173	3.6127
WP_011242646.1	284	1447	395	3.6633
WP_011242647.1	102	530	133	3.9850
WP_011242648.1	519	2583	717	3.6025
WP_011242649.1	335	1617	454	3.5617
WP_011242650.1	167	813	213	3.8169
WP_011242651.1	138	691	197	3.5076
WP_011242652.1	86	452	122	3.7049
WP_011242653.1	114	570	140	4.0714
WP_011242654.1	82	459	120	3.8250
WP_011242655.1	86	425	118	3.6017
WP_011242656.1	84	418	118	3.5424
WP_011242657.1	87	474	129	3.6744
WP_011242658.1	91	461	120	3.8417
WP_011242659.1	104	488	149	3.2752
WP_011242660.1	137	672	174	3.8621
WP_011242661.1	816	4205	1112	3.7815
WP_011242662.1	476	2425	666	3.6411
WP_011242664.1	258	1232	356	3.4607
WP_011242665.1	479	2262	624	3.6250
WP_011242666.1	295	1463	407	3.5946
WP_011242667.1	78	380	99	3.8384
WP_011242670.1	255	1271	376	3.3803
WP_011242672.1	183	902	252	3.5794
WP_011242673.1	486	2291	610	3.7557
WP_011242674.1	194	974	267	3.6479
WP_011242675.1	130	649	179	3.6257
WP_011242676.1	391	2079	570	3.6474
WP_011242677.1	91	467	142	3.2887
WP_011242680.1	172	917	229	4.0044
WP_011242681.1	235	1148	310	3.7032
WP_011242683.1	138	665	176	3.7784
WP_011242684.1	349	1756	480	3.6583
WP_011242685.1	83	429	111	3.8649
WP_011242686.1	44	228	59	3.8644
WP_011242688.1	39	180	43	4.1860
WP_011242689.1	422	2106	612	3.4412
WP_011242690.1	482	2465	669	3.6846
WP_011242691.1	503	2657	726	3.6598
WP_011242692.1	160	781	221	3.5339
WP_011242694.1	260	1234	360	3.4278
WP_011242695.1	185	944	261	3.6169
WP_011242696.1	441	2216	663	3.3424
WP_011242698.1	474	2454	652	3.7638
WP_011242699.1	391	1933	470	4.1128
WP_011242700.1	151	709	186	3.8118
WP_011242701.1	164	819	222	3.6892
WP_011242702.1	300	1382	394	3.5076
WP_011242703.1	166	832	233	3.5708
WP_011242705.1	1061	5369	1496	3.5889
WP_011242706.1	865	4372	1261	3.4671
WP_011242709.1	614	3136	886	3.5395
WP_011242711.1	527	2503	735	3.4054
WP_011242712.1	218	1083	319	3.3950
WP_011242713.1	325	1647	475	3.4674
WP_011242714.1	405	1995	557	3.5817
WP_011242715.1	235	1169	357	3.2745
WP_011242716.1	85	400	108	3.7037
WP_011242718.1	343	1696	501	3.3852
WP_011242719.1	198	975	264	3.6932
WP_011242720.1	525	2718	737	3.6879
WP_011242721.1	228	1105	298	3.7081
WP_011242722.1	585	2878	818	3.5183
WP_011242723.1	556	2774	818	3.3912
WP_011242725.1	248	1106	308	3.5909
WP_011242726.1	865	4380	1244	3.5209
WP_011242727.1	172	861	246	3.5000
WP_011242728.1	714	3676	980	3.7510
WP_011242729.1	567	2759	782	3.5281
WP_011242730.1	73	385	107	3.5981
WP_011242731.1	604	2957	809	3.6551
WP_011242733.1	362	1701	446	3.8139
WP_011242734.1	489	2324	658	3.5319
WP_011242735.1	277	1485	370	4.0135
WP_011242736.1	311	1500	425	3.5294
WP_011242737.1	670	3358	963	3.4870
WP_011242738.1	71	379	113	3.3540
WP_011242739.1	64	320	105	3.0476
WP_011242740.1	719	3476	962	3.6133
WP_011242742.1	225	1122	277	4.0505
WP_011242744.1	220	1033	284	3.6373
WP_011242745.1	402	1882	507	3.7120
WP_011242746.1	126	595	157	3.7898
WP_011242747.1	287	1398	423	3.3050
WP_011242748.1	363	1820	454	4.0088
WP_011242749.1	313	1547	480	3.2229
WP_011242750.1	527	2619	742	3.5296
WP_011242751.1	208	1055	301	3.5050
WP_011242752.1	357	1806	512	3.5273
WP_011242753.1	91	446	127	3.5118
WP_011242754.1	266	1244	370	3.3622
WP_011242755.1	156	833	213	3.9108
WP_011242756.1	361	1700	458	3.7118
WP_011242757.1	421	2230	562	3.9680
WP_011242758.1	243	1162	337	3.4481
WP_011242759.1	142	717	208	3.4471
WP_011242760.1	385	1753	525	3.3390
WP_011242761.1	482	2439	664	3.6732
WP_011242762.1	233	1153	318	3.6258
WP_011242765.1	456	2257	634	3.5599
WP_011242766.1	141	699	192	3.6406
WP_011242767.1	205	1044	274	3.8102
WP_011242768.1	378	1821	506	3.5988
WP_011242769.1	219	1108	295	3.7559
WP_011242770.1	387	1967	543	3.6225
WP_011242771.1	265	1367	356	3.8399
WP_011242773.1	125	604	155	3.8968
WP_011242774.1	324	1685	446	3.7780
WP_011242775.1	354	1782	485	3.6742
WP_011242776.1	774	4082	1089	3.7484
WP_011242777.1	108	512	144	3.5556
WP_011242778.1	458	2332	656	3.5549
WP_011242779.1	926	4465	1217	3.6689
WP_011242780.1	233	1130	310	3.6452
WP_011242781.1	447	2224	570	3.9018
WP_011242782.1	817	4027	1199	3.3586
WP_011242783.1	311	1508	431	3.4988
WP_011242785.1	138	712	179	3.9777
WP_011242786.1	262	1317	402	3.2761
WP_011242787.1	101	513	129	3.9767
WP_011242788.1	238	1147	336	3.4137
WP_011242790.1	166	820	232	3.5345
WP_011242791.1	373	1861	542	3.4336
WP_011242793.1	431	2004	534	3.7528
WP_011242794.1	182	892	258	3.4574
WP_011242795.1	1039	5239	1456	3.5982
WP_011242796.1	453	2273	605	3.7570
WP_011242797.1	82	418	109	3.8349
WP_011242799.1	311	1677	435	3.8552
WP_011242800.1	675	3371	909	3.7085
WP_011242801.1	310	1456	408	3.5686
WP_011242802.1	70	338	95	3.5579
WP_011242803.1	343	1657	501	3.3074
WP_011242804.1	260	1228	335	3.6657
WP_011242805.1	207	959	281	3.4128
WP_011242806.1	273	1316	361	3.6454
WP_011242807.1	163	779	205	3.8000
WP_011242808.1	173	798	229	3.4847
WP_011242809.1	81	394	120	3.2833
WP_011242810.1	289	1410	401	3.5162
WP_011242811.1	273	1336	402	3.3234
WP_011242812.1	163	778	205	3.7951
WP_011242813.1	173	800	229	3.4934
WP_011242815.1	523	2623	774	3.3889
WP_011242816.1	240	1257	354	3.5508
WP_011242817.1	217	1096	273	4.0147
WP_011242818.1	111	567	164	3.4573
WP_011242819.1	185	952	276	3.4493
WP_011242820.1	158	850	244	3.4836
WP_011242821.1	195	979	261	3.7510
WP_011242823.1	167	882	250	3.5280
WP_011242824.1	264	1323	357	3.7059
WP_011242825.1	287	1489	406	3.6675
WP_011242826.1	318	1650	447	3.6913
WP_011242827.1	488	2476	658	3.7629
WP_011242828.1	373	1816	499	3.6393
WP_011242829.1	304	1553	415	3.7422
WP_011242830.1	318	1606	441	3.6417
WP_011242831.1	104	469	144	3.2569
WP_011242832.1	584	2998	875	3.4263
WP_011242834.1	330	1581	419	3.7733
WP_011242835.1	81	401	116	3.4569
WP_011242836.1	262	1295	365	3.5479
WP_011242837.1	447	2204	598	3.6856
WP_011242838.1	316	1593	427	3.7307
WP_011242839.1	499	2584	701	3.6862
WP_011242840.1	211	1111	290	3.8310
WP_011242841.1	253	1210	344	3.5174
WP_011242842.1	160	791	217	3.6452
WP_011242843.1	839	3829	1088	3.5193
WP_011242844.1	928	4541	1264	3.5926
WP_011242845.1	257	1293	359	3.6017
WP_011242846.1	413	2060	603	3.4163
WP_011242847.1	243	1234	390	3.1641
WP_011242849.1	284	1461	410	3.5634
WP_011242850.1	463	2219	607	3.6557
WP_011242851.1	359	1751	530	3.3038
WP_011242852.1	209	1072	298	3.5973
WP_011242854.1	517	2587	720	3.5931
WP_011242856.1	597	2702	785	3.4420
WP_011242858.1	632	3072	876	3.5068
WP_011242859.1	58	296	88	3.3636
WP_011242860.1	328	1707	463	3.6868
WP_011242862.1	189	929	266	3.4925
WP_011242863.1	462	2246	625	3.5936
WP_011242864.1	665	3308	908	3.6432
WP_011242865.1	421	2204	597	3.6918
WP_011242866.1	180	878	241	3.6432
WP_011242868.1	108	561	141	3.9787
WP_011242869.1	147	750	214	3.5047
WP_011242870.1	383	1896	517	3.6673
WP_011242871.1	460	2284	578	3.9516
WP_011242872.1	266	1310	375	3.4933
WP_011242873.1	228	1091	307	3.5537
WP_011242874.1	204	1028	296	3.4730
WP_011242875.1	564	2794	796	3.5101
WP_011242877.1	167	880	246	3.5772
WP_011242878.1	403	1984	550	3.6073
WP_011242879.1	333	1692	457	3.7024
WP_011242880.1	909	4582	1319	3.4738
WP_011242881.1	296	1470	435	3.3793
WP_011242882.1	459	2232	613	3.6411
WP_011242883.1	130	605	161	3.7578
WP_011242885.1	523	2561	723	3.5422
WP_011242886.1	275	1370	378	3.6243
WP_011242887.1	320	1540	440	3.5000
WP_011242888.1	195	997	271	3.6790
WP_011242889.1	320	1501	435	3.4506
WP_011242890.1	172	856	224	3.8214
WP_011242891.1	126	613	178	3.4438
WP_011242893.1	337	1666	465	3.5828
WP_011242895.1	343	1638	461	3.5531
WP_011242896.1	209	1018	285	3.5719
WP_011242897.1	215	1067	308	3.4643
WP_011242898.1	380	1875	532	3.5244
WP_011242899.1	172	884	237	3.7300
WP_011242900.1	344	1662	449	3.7016
WP_011242901.1	154	790	213	3.7089
WP_011242902.1	263	1364	398	3.4271
WP_011242904.1	438	2180	573	3.8045
WP_011242905.1	292	1526	381	4.0052
WP_011242907.1	355	1752	508	3.4488
WP_011242908.1	495	2426	694	3.4957
WP_011242909.1	337	1679	455	3.6901
WP_011242910.1	412	1966	550	3.5745
WP_011242911.1	422	1999	557	3.5889
WP_011242912.1	630	3097	870	3.5598
WP_011242913.1	569	2904	805	3.6075
WP_011242914.1	116	574	163	3.5215
WP_011242915.1	208	995	291	3.4192
WP_011242917.1	230	1118	328	3.4085
WP_011242918.1	181	873	243	3.5926
WP_011242919.1	256	1225	309	3.9644
WP_011242920.1	353	1737	483	3.5963
WP_011242921.1	161	838	237	3.5359
WP_011242922.1	399	1996	547	3.6490
WP_011242923.1	268	1277	386	3.3083
WP_011242924.1	155	769	205	3.7512
WP_011242925.1	284	1373	393	3.4936
WP_011242927.1	241	1205	332	3.6295
WP_011242928.1	419	2049	592	3.4611
WP_011242929.1	433	1977	545	3.6275
WP_011242931.1	291	1435	387	3.7080
WP_011242932.1	300	1469	428	3.4322
WP_011242933.1	100	537	133	4.0376
WP_011242934.1	84	397	97	4.0928
WP_011242936.1	649	3195	889	3.5939
WP_011242937.1	88	435	115	3.7826
WP_011242938.1	42	213	63	3.3810
WP_011242939.1	149	716	204	3.5098
WP_011242940.1	203	1015	288	3.5243
WP_011242941.1	164	818	221	3.7014
WP_011242942.1	652	3127	856	3.6530
WP_011242943.1	83	455	115	3.9565
WP_011242944.1	142	725	207	3.5024
WP_011242945.1	118	556	144	3.8611
WP_011242949.1	861	4131	1093	3.7795
WP_011242950.1	319	1462	388	3.7680
WP_011242951.1	284	1433	388	3.6933
WP_011242952.1	67	318	107	2.9720
WP_011242953.1	265	1313	354	3.7090
WP_011242954.1	130	672	194	3.4639
WP_011242955.1	91	460	135	3.4074
WP_011242956.1	268	1285	361	3.5596
WP_011242957.1	390	1927	565	3.4106
WP_011242958.1	190	932	250	3.7280
WP_011242959.1	360	1831	462	3.9632
WP_011242960.1	336	1670	492	3.3943
WP_011242961.1	99	481	129	3.7287
WP_011242962.1	1536	7437	2071	3.5910
WP_011242963.1	605	2869	863	3.3244
WP_011242964.1	119	598	183	3.2678
WP_011242965.1	124	622	199	3.1256
WP_011242966.1	156	776	240	3.2333
WP_011242967.1	694	3403	907	3.7519
WP_011242968.1	409	1968	540	3.6444
WP_011242969.1	105	537	165	3.2545
WP_011242970.1	218	1137	307	3.7036
WP_011242972.1	185	942	265	3.5547
WP_011242973.1	215	1077	319	3.3762
WP_011242974.1	808	3789	1137	3.3325
WP_011242975.1	872	4393	1207	3.6396
WP_011242978.1	1019	5177	1433	3.6127
WP_011242979.1	362	1891	496	3.8125
WP_011242980.1	192	1018	286	3.5594
WP_011242982.1	75	379	107	3.5421
WP_011242983.1	196	1028	288	3.5694
WP_011242984.1	582	3004	846	3.5508
WP_011242986.1	193	899	253	3.5534
WP_011242987.1	163	813	226	3.5973
WP_011242988.1	172	844	246	3.4309
WP_011242989.1	393	1908	521	3.6622
WP_011242990.1	125	652	170	3.8353
WP_011242991.1	429	2228	595	3.7445
WP_011242992.1	319	1526	396	3.8535
WP_011242994.1	1406	6775	1913	3.5416
WP_011242995.1	168	818	218	3.7523
WP_011242996.1	120	598	152	3.9342
WP_011242997.1	419	2151	562	3.8274
WP_011242998.1	798	4022	1068	3.7659
WP_011242999.1	411	2019	545	3.7046
WP_011243002.1	66	335	91	3.6813
WP_011243003.1	195	1041	266	3.9135
WP_011243004.1	1003	4879	1417	3.4432
WP_011243005.1	370	1814	507	3.5779
WP_011243006.1	272	1371	375	3.6560
WP_011243009.1	143	693	199	3.4824
WP_011243010.1	446	2158	598	3.6087
WP_011243011.1	446	2246	663	3.3876
WP_011243012.1	160	812	208	3.9038
WP_011243013.1	334	1641	445	3.6876
WP_011243014.1	365	1723	483	3.5673
WP_011243016.1	338	1610	452	3.5619
WP_011243017.1	375	1827	517	3.5338
WP_011243020.1	74	398	111	3.5856
WP_011243021.1	218	1059	295	3.5898
WP_011243022.1	462	2352	635	3.7039
WP_011243023.1	122	591	167	3.5389
WP_011243024.1	348	1689	476	3.5483
WP_011243025.1	311	1581	424	3.7288
WP_011243026.1	245	1224	347	3.5274
WP_011243027.1	568	2959	804	3.6803
WP_011243028.1	347	1835	457	4.0153
WP_011243029.1	341	1717	449	3.8241
WP_011243030.1	533	2665	728	3.6607
WP_011243032.1	221	1043	298	3.5000
WP_011243034.1	130	647	187	3.4599
WP_011243036.1	243	1151	332	3.4669
WP_011243037.1	74	345	92	3.7500
WP_011243038.1	420	2078	595	3.4924
WP_011243039.1	306	1492	450	3.3156
WP_011243040.1	527	2656	658	4.0365
WP_011243042.1	709	3690	1051	3.5109
WP_011243043.1	279	1451	379	3.8285
WP_011243044.1	243	1206	345	3.4957
WP_011243045.1	248	1214	319	3.8056
WP_011243046.1	353	1701	474	3.5886
WP_011243047.1	260	1411	328	4.3018
WP_011243049.1	229	1164	303	3.8416
WP_011243050.1	197	1008	278	3.6259
WP_011243052.1	161	788	214	3.6822
WP_011243053.1	181	921	303	3.0396
WP_011243054.1	203	996	284	3.5070
WP_011243055.1	257	1201	349	3.4413
WP_011243056.1	222	1046	320	3.2687
WP_011243059.1	142	668	206	3.2427
WP_011243060.1	107	552	145	3.8069
WP_011243061.1	264	1320	356	3.7079
WP_011243062.1	292	1467	418	3.5096
WP_011243063.1	288	1505	400	3.7625
WP_011243064.1	677	3327	918	3.6242
WP_011243065.1	105	494	170	2.9059
WP_011243066.1	218	1061	294	3.6088
WP_011243067.1	598	3013	833	3.6170
WP_011243068.1	854	4154	1175	3.5353
WP_011243069.1	457	2321	622	3.7315
WP_011243072.1	301	1444	395	3.6557
WP_011243073.1	159	774	210	3.6857
WP_011243074.1	295	1488	430	3.4605
WP_011243076.1	197	1004	279	3.5986
WP_011243077.1	404	2055	576	3.5677
WP_011243082.1	215	1103	332	3.3223
WP_011243083.1	79	412	112	3.6786
WP_011243085.1	183	931	246	3.7846
WP_011243086.1	242	1291	333	3.8769
WP_011243088.1	227	1193	317	3.7634
WP_011243089.1	154	764	242	3.1570
WP_011243090.1	192	989	284	3.4824
WP_011243091.1	480	2324	671	3.4635
WP_011243092.1	70	360	90	4.0000
WP_011243093.1	306	1393	388	3.5902
WP_011243094.1	950	4379	1201	3.6461
WP_011243095.1	167	814	222	3.6667
WP_011243096.1	474	2239	619	3.6171
WP_011243097.1	168	800	209	3.8278
WP_011243098.1	387	1726	488	3.5369
WP_011243099.1	483	2281	642	3.5530
WP_011243100.1	671	3306	886	3.7314
WP_011243101.1	161	783	206	3.8010
WP_011243102.1	279	1414	389	3.6350
WP_011243103.1	279	1320	346	3.8150
WP_011243104.1	114	567	169	3.3550
WP_011243107.1	103	500	143	3.4965
WP_011243108.1	109	491	128	3.8359
WP_011243109.1	624	3020	867	3.4833
WP_011243110.1	487	2396	690	3.4725
WP_011243111.1	69	346	106	3.2642
WP_011243112.1	626	3160	888	3.5586
WP_011243113.1	179	884	271	3.2620
WP_011243114.1	201	975	290	3.3621
WP_011243115.1	181	919	264	3.4811
WP_011243117.1	120	567	169	3.3550
WP_011243118.1	469	2316	681	3.4009
WP_011243119.1	147	737	205	3.5951
WP_011243121.1	360	1737	474	3.6646
WP_011243122.1	112	574	158	3.6329
WP_011243123.1	167	860	251	3.4263
WP_011243124.1	217	1123	343	3.2741
WP_011243125.1	174	888	236	3.7627
WP_011243126.1	347	1837	531	3.4595
WP_011243128.1	568	2798	806	3.4715
WP_011243129.1	407	1994	558	3.5735
WP_011243130.1	425	2050	585	3.5043
WP_011243131.1	1097	5371	1450	3.7041
WP_011243133.1	109	544	152	3.5789
WP_011243134.1	583	3054	792	3.8561
WP_011243135.1	489	2357	655	3.5985
WP_011243136.1	204	980	274	3.5766
WP_011243137.1	211	1041	275	3.7855
WP_011243138.1	211	1103	267	4.1311
WP_011243140.1	262	1256	349	3.5989
WP_011243141.1	153	760	216	3.5185
WP_011243142.1	277	1324	364	3.6374
WP_011243143.1	35	186	42	4.4286
WP_011243144.1	144	691	192	3.5990
WP_011243145.1	508	2601	668	3.8937
WP_011243146.1	31	175	38	4.6053
WP_011243147.1	168	812	258	3.1473
WP_011243148.1	307	1536	428	3.5888
WP_011243149.1	261	1250	354	3.5311
WP_011243150.1	184	882	256	3.4453
WP_011243151.1	91	459	122	3.7623
WP_011243153.1	112	559	160	3.4937
WP_011243154.1	539	2696	767	3.5150
WP_011243155.1	386	1849	533	3.4690
WP_011243156.1	555	2570	712	3.6096
WP_011243157.1	249	1134	316	3.5886
WP_011243158.1	341	1665	476	3.4979
WP_011243159.1	319	1607	426	3.7723
WP_011243160.1	232	1104	311	3.5498
WP_011243161.1	271	1502	384	3.9115
WP_011243162.1	107	487	148	3.2905
WP_011243163.1	211	1034	286	3.6154
WP_011243166.1	173	869	231	3.7619
WP_011243167.1	342	1790	478	3.7448
WP_011243168.1	360	1828	509	3.5914
WP_011243171.1	338	1644	469	3.5053
WP_011243172.1	199	974	282	3.4539
WP_011243173.1	103	527	146	3.6096
WP_011243174.1	206	1029	315	3.2667
WP_011243175.1	248	1207	334	3.6138
WP_011243177.1	632	3085	883	3.4938
WP_011243182.1	70	355	94	3.7766
WP_011243183.1	113	565	156	3.6218
WP_011243184.1	461	2329	596	3.9077
WP_011243185.1	352	1855	459	4.0414
WP_011243186.1	188	954	247	3.8623
WP_011243187.1	243	1163	325	3.5785
WP_011243188.1	529	2661	751	3.5433
WP_011243189.1	806	3971	1151	3.4500
WP_011243190.1	161	835	224	3.7277
WP_011243193.1	433	2088	539	3.8738
WP_011243194.1	754	3790	1035	3.6618
WP_011243195.1	181	900	248	3.6290
WP_011243196.1	635	3093	912	3.3914
WP_011243197.1	588	2945	796	3.6997
WP_011243198.1	430	2008	552	3.6377
WP_011243199.1	137	676	181	3.7348
WP_011243200.1	895	4402	1268	3.4716
WP_011243201.1	81	401	107	3.7477
WP_011243203.1	141	679	185	3.6703
WP_011243204.1	237	1163	325	3.5785
WP_011243205.1	175	839	230	3.6478
WP_011243206.1	128	600	148	4.0541
WP_011243207.1	380	1834	529	3.4669
WP_011243208.1	286	1441	381	3.7822
WP_011243209.1	254	1310	356	3.6798
WP_011243210.1	619	2907	836	3.4773
WP_011243211.1	588	2899	852	3.4026
WP_011243212.1	352	1690	471	3.5881
WP_011243213.1	459	2220	624	3.5577
WP_011243214.1	665	3506	907	3.8655
WP_011243215.1	392	1946	529	3.6786
WP_011243216.1	234	1092	322	3.3913
WP_011243217.1	211	1154	319	3.6176
WP_011243218.1	426	2029	561	3.6168
WP_011243219.1	125	608	170	3.5765
WP_011243220.1	353	1719	480	3.5812
WP_011243221.1	114	575	161	3.5714
WP_011243222.1	559	2779	785	3.5401
WP_011243223.1	162	806	231	3.4892
WP_011243225.1	796	3853	1133	3.4007
WP_011243227.1	496	2511	599	4.1920
WP_011243229.1	108	542	139	3.8993
WP_011243230.1	226	1133	316	3.5854
WP_011243231.1	327	1688	467	3.6146
WP_011243233.1	430	2153	581	3.7057
WP_011243234.1	202	1007	278	3.6223
WP_011243235.1	510	2622	741	3.5385
WP_011243236.1	200	1006	276	3.6449
WP_011243237.1	590	2774	781	3.5519
WP_011243239.1	310	1594	438	3.6393
WP_011243241.1	558	2759	773	3.5692
WP_011243243.1	360	1681	489	3.4376
WP_011243244.1	108	522	129	4.0465
WP_011243245.1	115	567	143	3.9650
WP_011243246.1	121	611	170	3.5941
WP_011243247.1	391	1910	531	3.5970
WP_011243248.1	909	4645	1249	3.7190
WP_011243249.1	255	1254	350	3.5829
WP_011243250.1	406	1861	582	3.1976
WP_011243251.1	241	1155	315	3.6667
WP_011243252.1	364	1761	493	3.5720
WP_011243253.1	334	1671	467	3.5782
WP_011243254.1	115	571	157	3.6369
WP_011243255.1	605	2997	862	3.4768
WP_011243256.1	377	1868	511	3.6556
WP_011243257.1	402	1991	557	3.5745
WP_011243258.1	56	273	74	3.6892
WP_011243260.1	187	922	250	3.6880
WP_011243261.1	276	1378	394	3.4975
WP_011243263.1	457	2422	588	4.1190
WP_011243264.1	447	2188	605	3.6165
WP_011243265.1	311	1566	467	3.3533
WP_011243266.1	438	2115	606	3.4901
WP_011243267.1	449	2245	625	3.5920
WP_011243269.1	220	1083	294	3.6837
WP_011243270.1	237	1145	336	3.4077
WP_011243271.1	666	3393	956	3.5492
WP_011243272.1	151	785	199	3.9447
WP_011243274.1	234	1186	327	3.6269
WP_011243275.1	297	1396	383	3.6449
WP_011243276.1	204	1042	270	3.8593
WP_011243277.1	237	1204	331	3.6375
WP_011243278.1	239	1312	372	3.5269
WP_011243279.1	363	1742	483	3.6066
WP_011243280.1	450	2149	639	3.3631
WP_011243281.1	372	1805	506	3.5672
WP_011243283.1	127	640	190	3.3684
WP_011243284.1	253	1292	317	4.0757
WP_011243285.1	386	1868	514	3.6342
WP_011243286.1	169	849	219	3.8767
WP_011243287.1	715	3559	948	3.7542
WP_011243288.1	230	1209	306	3.9510
WP_011243289.1	89	475	122	3.8934
WP_011243290.1	187	911	267	3.4120
WP_011243291.1	297	1479	423	3.4965
WP_011243292.1	76	373	121	3.0826
WP_011243293.1	153	770	214	3.5981
WP_011243294.1	249	1296	317	4.0883
WP_011243295.1	668	3230	870	3.7126
WP_011243296.1	417	1911	542	3.5258
WP_011243297.1	80	378	89	4.2472
WP_011243298.1	81	376	104	3.6154
WP_011243299.1	641	3156	871	3.6234
WP_011243300.1	78	388	97	4.0000
WP_011243301.1	117	602	162	3.7160
WP_011243302.1	287	1436	386	3.7202
WP_011243303.1	317	1570	457	3.4354
WP_011243304.1	262	1284	366	3.5082
WP_011243306.1	278	1344	393	3.4198
WP_011243308.1	368	1785	499	3.5772
WP_011243310.1	129	644	175	3.6800
WP_011243311.1	195	958	296	3.2365
WP_011243312.1	213	1024	302	3.3907
WP_011243314.1	387	2043	513	3.9825
WP_011243315.1	775	3906	1144	3.4143
WP_011243316.1	440	2110	631	3.3439
WP_011243317.1	140	670	191	3.5079
WP_011243319.1	242	1207	352	3.4290
WP_011243320.1	394	2005	520	3.8558
WP_011243321.1	325	1626	408	3.9853
WP_011243322.1	216	1082	298	3.6309
WP_011243323.1	157	799	232	3.4440
WP_011243324.1	376	1839	534	3.4438
WP_011243325.1	182	887	249	3.5622
WP_011243327.1	345	1623	457	3.5514
WP_011243328.1	438	2137	613	3.4861
WP_011243329.1	102	550	143	3.8462
WP_011243330.1	188	962	272	3.5368
WP_011243331.1	216	1022	289	3.5363
WP_011243332.1	117	580	150	3.8667
WP_011243334.1	837	4129	1185	3.4844
WP_011243336.1	229	1188	324	3.6667
WP_011243338.1	117	579	159	3.6415
WP_011243340.1	315	1542	451	3.4191
WP_011243342.1	459	2315	621	3.7279
WP_011243343.1	442	2195	604	3.6341
WP_011243344.1	220	1143	305	3.7475
WP_011243345.1	411	1995	559	3.5689
WP_011243346.1	445	2151	622	3.4582
WP_011243347.1	480	2459	660	3.7258
WP_011243348.1	147	724	204	3.5490
WP_011243349.1	589	2940	821	3.5810
WP_011243351.1	577	2836	791	3.5853
WP_011243353.1	203	1066	287	3.7143
WP_011243354.1	99	525	121	4.3388
WP_011243355.1	136	667	187	3.5668
WP_011243356.1	34	174	40	4.3500
WP_011243357.1	368	1805	501	3.6028
WP_011243358.1	74	375	98	3.8265
WP_011243359.1	276	1463	344	4.2529
WP_011243361.1	532	2572	707	3.6379
WP_011243362.1	79	383	99	3.8687
WP_011243363.1	277	1365	413	3.3051
WP_011243364.1	749	3885	1061	3.6616
WP_011243365.1	241	1258	323	3.8947
WP_011243366.1	113	532	141	3.7730
WP_011243368.1	195	1010	273	3.6996
WP_011243369.1	145	731	214	3.4159
WP_011243370.1	157	794	212	3.7453
WP_011243371.1	369	1743	461	3.7809
WP_011243372.1	278	1348	369	3.6531
WP_011243373.1	205	971	258	3.7636
WP_011243375.1	251	1268	323	3.9257
WP_011243378.1	209	1017	269	3.7807
WP_011243379.1	81	386	102	3.7843
WP_011243380.1	428	2134	627	3.4035
WP_011243381.1	364	1777	479	3.7098
WP_011243382.1	228	1121	322	3.4814
WP_011243383.1	100	522	170	3.0706
WP_011243384.1	351	1777	471	3.7728
WP_011243385.1	227	1109	352	3.1506
WP_011243386.1	413	1925	552	3.4873
WP_011243388.1	222	1016	291	3.4914
WP_011243390.1	229	1118	315	3.5492
WP_011243391.1	188	968	254	3.8110
WP_011243392.1	101	566	177	3.1977
WP_011243393.1	251	1269	349	3.6361
WP_011243394.1	335	1685	409	4.1198
WP_011243395.1	402	2030	567	3.5802
WP_011243396.1	232	1200	320	3.7500
WP_011243397.1	417	2151	638	3.3715
WP_011243398.1	636	3095	853	3.6284
WP_011243400.1	542	2619	738	3.5488
WP_011243401.1	282	1420	422	3.3649
WP_011243402.1	183	891	250	3.5640
WP_011243403.1	125	603	160	3.7687
WP_011243404.1	360	1838	467	3.9358
WP_011243405.1	72	356	102	3.4902
WP_011243406.1	380	1808	568	3.1831
WP_011243408.1	521	2584	709	3.6446
WP_011243409.1	320	1511	438	3.4498
WP_011243410.1	116	572	166	3.4458
WP_011243411.1	502	2541	702	3.6197
WP_011243412.1	127	626	172	3.6395
WP_011243413.1	325	1573	453	3.4724
WP_011243414.1	390	1901	510	3.7275
WP_011243416.1	109	549	148	3.7095
WP_011243417.1	266	1247	356	3.5028
WP_011243418.1	90	502	135	3.7185
WP_011243419.1	217	1039	290	3.5828
WP_011243420.1	80	384	95	4.0421
WP_011243421.1	133	693	206	3.3641
WP_011243422.1	332	1653	462	3.5779
WP_011243424.1	59	289	80	3.6125
WP_011243425.1	174	900	233	3.8627
WP_011243426.1	161	801	217	3.6912
WP_011243427.1	200	965	259	3.7259
WP_011243428.1	250	1198	335	3.5761
WP_011243429.1	152	772	202	3.8218
WP_011243430.1	463	2401	657	3.6545
WP_011243432.1	374	1773	484	3.6632
WP_011243433.1	288	1465	351	4.1738
WP_011243436.1	526	2520	689	3.6575
WP_011243437.1	383	1964	485	4.0495
WP_011243439.1	168	850	214	3.9720
WP_011243440.1	469	2302	667	3.4513
WP_011243444.1	88	448	102	4.3922
WP_011243445.1	104	580	147	3.9456
WP_011243446.1	347	1732	461	3.7570
WP_011243447.1	127	715	168	4.2560
WP_011243448.1	264	1283	330	3.8879
WP_011243449.1	112	542	139	3.8993
WP_011243451.1	471	2347	653	3.5942
WP_011243453.1	266	1359	383	3.5483
WP_011243454.1	299	1566	437	3.5835
WP_011243455.1	434	2084	570	3.6561
WP_011243456.1	484	2364	664	3.5602
WP_011243458.1	307	1499	375	3.9973
WP_011243459.1	727	3671	963	3.8120
WP_011243460.1	209	993	263	3.7757
WP_011243461.1	183	900	263	3.4221
WP_011243462.1	94	481	129	3.7287
WP_011243463.1	199	1091	262	4.1641
WP_011243464.1	75	355	97	3.6598
WP_011243465.1	398	1912	520	3.6769
WP_011243467.1	213	1117	315	3.5460
WP_011243468.1	467	2433	618	3.9369
WP_011243469.1	74	398	96	4.1458
WP_011243470.1	137	647	194	3.3351
WP_011243473.1	202	969	277	3.4982
WP_011243474.1	377	1742	513	3.3957
WP_011243475.1	292	1433	390	3.6744
WP_011243476.1	186	925	252	3.6706
WP_011243477.1	356	1687	469	3.5970
WP_011243479.1	259	1246	361	3.4515
WP_011243480.1	256	1274	367	3.4714
WP_011243481.1	347	1624	477	3.4046
WP_011243484.1	190	967	280	3.4536
WP_011243485.1	193	994	255	3.8980
WP_011243486.1	359	1679	477	3.5199
WP_011243487.1	105	485	126	3.8492
WP_011243488.1	316	1538	447	3.4407
WP_011243489.1	505	2424	655	3.7008
WP_011243490.1	180	872	244	3.5738
WP_011243492.1	158	773	220	3.5136
WP_011243493.1	81	362	92	3.9348
WP_011243497.1	705	3553	1010	3.5178
WP_011243498.1	161	772	210	3.6762
WP_011243499.1	161	772	207	3.7295
WP_011243500.1	67	355	102	3.4804
WP_011243502.1	252	1249	305	4.0951
WP_011243503.1	456	2312	623	3.7111
WP_011243504.1	112	560	153	3.6601
WP_011243505.1	332	1597	450	3.5489
WP_011243506.1	272	1323	371	3.5660
WP_011243509.1	63	331	95	3.4842
WP_011243511.1	209	1054	288	3.6597
WP_011243512.1	170	819	224	3.6562
WP_011243514.1	279	1370	397	3.4509
WP_011243515.1	314	1501	420	3.5738
WP_011243516.1	634	3259	790	4.1253
WP_011243517.1	379	1945	514	3.7840
WP_011243520.1	215	1066	305	3.4951
WP_011243521.1	362	1756	499	3.5190
WP_011243524.1	345	1614	449	3.5947
WP_011243525.1	249	1197	341	3.5103
WP_011243526.1	227	1165	298	3.9094
WP_011243527.1	613	2978	848	3.5118
WP_011243529.1	395	1997	553	3.6112
WP_011243530.1	277	1320	341	3.8710
WP_011243531.1	112	564	161	3.5031
WP_011243532.1	408	1960	547	3.5832
WP_011243533.1	72	367	94	3.9043
WP_011243534.1	378	1834	505	3.6317
WP_011243535.1	948	4797	1316	3.6451
WP_011243536.1	452	2128	618	3.4434
WP_011243538.1	120	633	165	3.8364
WP_011243539.1	113	529	150	3.5267
WP_011243540.1	102	487	120	4.0583
WP_011243541.1	334	1589	467	3.4026
WP_011243543.1	427	2070	576	3.5938
WP_011243544.1	357	1795	455	3.9451
WP_011243545.1	421	1996	566	3.5265
WP_011243546.1	534	2528	711	3.5556
WP_011243547.1	165	800	233	3.4335
WP_011243548.1	679	3303	938	3.5213
WP_011243549.1	486	2301	649	3.5455
WP_011243550.1	110	574	153	3.7516
WP_011243551.1	112	572	155	3.6903
WP_011243552.1	209	1053	307	3.4300
WP_011243553.1	264	1259	342	3.6813
WP_011243554.1	243	1187	329	3.6079
WP_011243555.1	403	2003	576	3.4774
WP_011243557.1	160	815	224	3.6384
WP_011243558.1	242	1199	333	3.6006
WP_011243560.1	91	450	119	3.7815
WP_011243561.1	251	1275	374	3.4091
WP_011243562.1	306	1482	433	3.4226
WP_011243563.1	464	2206	614	3.5928
WP_011243564.1	199	980	275	3.5636
WP_011243566.1	110	512	130	3.9385
WP_011243567.1	146	756	202	3.7426
WP_011243568.1	249	1230	309	3.9806
WP_011243571.1	856	4194	1209	3.4690
WP_011243573.1	75	377	109	3.4587
WP_011243574.1	256	1298	350	3.7086
WP_011243575.1	155	710	207	3.4300
WP_011243576.1	261	1287	370	3.4784
WP_011243577.1	396	2075	532	3.9004
WP_011243579.1	359	1746	488	3.5779
WP_011243580.1	353	1692	486	3.4815
WP_011243581.1	844	4384	1229	3.5671
WP_011243582.1	47	230	57	4.0351
WP_011243584.1	455	2225	634	3.5095
WP_011243585.1	163	818	221	3.7014
WP_011243587.1	393	1962	540	3.6333
WP_011243588.1	192	912	247	3.6923
WP_011243589.1	179	887	246	3.6057
WP_011243590.1	171	850	231	3.6797
WP_011243591.1	330	1661	454	3.6586
WP_011243592.1	141	735	196	3.7500
WP_011243593.1	448	2076	594	3.4949
WP_011243594.1	174	884	226	3.9115
WP_011243595.1	348	1758	444	3.9595
WP_011243597.1	86	451	130	3.4692
WP_011243598.1	208	1023	299	3.4214
WP_011243599.1	91	450	115	3.9130
WP_011243600.1	67	360	87	4.1379
WP_011243601.1	46	229	50	4.5800
WP_011243602.1	288	1410	391	3.6061
WP_011243603.1	345	1613	430	3.7512
WP_011243604.1	252	1218	324	3.7593
WP_011243605.1	106	529	164	3.2256
WP_011243606.1	55	290	76	3.8158
WP_011243608.1	338	1645	461	3.5683
WP_011243609.1	129	681	163	4.1779
WP_011243611.1	181	940	242	3.8843
WP_011243612.1	362	1700	499	3.4068
WP_011243613.1	491	2447	683	3.5827
WP_011243615.1	208	991	280	3.5393
WP_011243616.1	923	4675	1278	3.6581
WP_011243617.1	462	2289	646	3.5433
WP_011243618.1	338	1759	485	3.6268
WP_011243619.1	154	787	220	3.5773
WP_011243620.1	368	1758	517	3.4004
WP_011243622.1	250	1279	345	3.7072
WP_011243624.1	308	1569	402	3.9030
WP_011243625.1	478	2364	655	3.6092
WP_011243627.1	493	2495	686	3.6370
WP_011243628.1	142	611	177	3.4520
WP_011243630.1	74	352	114	3.0877
WP_011243631.1	158	854	197	4.3350
WP_011243632.1	382	1846	490	3.7673
WP_011243633.1	374	1815	520	3.4904
WP_011243634.1	534	2723	743	3.6649
WP_011243635.1	578	2846	820	3.4707
WP_011243636.1	347	1727	459	3.7625
WP_011243638.1	363	1798	457	3.9344
WP_011243639.1	129	634	179	3.5419
WP_011243640.1	241	1171	330	3.5485
WP_011243641.1	457	2407	625	3.8512
WP_011243642.1	290	1516	413	3.6707
WP_011243645.1	262	1482	344	4.3081
WP_011243646.1	133	675	206	3.2767
WP_011243647.1	292	1390	404	3.4406
WP_011243648.1	289	1419	388	3.6572
WP_011243650.1	723	3571	936	3.8152
WP_011243652.1	317	1527	435	3.5103
WP_011243653.1	166	864	227	3.8062
WP_011243654.1	139	698	178	3.9213
WP_011243655.1	249	1257	346	3.6329
WP_011243656.1	116	567	165	3.4364
WP_011243657.1	180	895	259	3.4556
WP_011243658.1	311	1533	422	3.6327
WP_011243659.1	144	738	215	3.4326
WP_011243660.1	391	1907	509	3.7466
WP_011243661.1	172	853	252	3.3849
WP_011243662.1	543	2625	725	3.6207
WP_011243663.1	205	1021	291	3.5086
WP_011243664.1	93	451	116	3.8879
WP_011243665.1	368	1849	470	3.9340
WP_011243666.1	796	3983	1114	3.5754
WP_011243668.1	185	918	265	3.4642
WP_011243669.1	514	2625	713	3.6816
WP_011243670.1	110	582	141	4.1277
WP_011243671.1	213	1059	299	3.5418
WP_011243672.1	107	484	128	3.7812
WP_011243673.1	150	781	195	4.0051
WP_011243674.1	326	1621	425	3.8141
WP_011243675.1	464	2232	593	3.7639
WP_011243676.1	314	1581	411	3.8467
WP_011243677.1	132	716	216	3.3148
WP_011243678.1	612	2962	820	3.6122
WP_011243679.1	200	978	293	3.3379
WP_011243680.1	387	2020	535	3.7757
WP_011243681.1	435	2217	663	3.3439
WP_011243682.1	211	1056	284	3.7183
WP_011243684.1	279	1453	415	3.5012
WP_011243685.1	349	1652	480	3.4417
WP_011243686.1	941	4900	1319	3.7149
WP_011243687.1	143	715	216	3.3102
WP_011243688.1	432	2085	643	3.2426
WP_011243689.1	222	1128	302	3.7351
WP_011243690.1	258	1217	332	3.6657
WP_011243691.1	209	1017	293	3.4710
WP_011243692.1	199	992	286	3.4685
WP_011243693.1	525	2641	692	3.8165
WP_011243694.1	408	2007	558	3.5968
WP_011243695.1	161	790	229	3.4498
WP_011243696.1	185	901	264	3.4129
WP_011243698.1	494	2465	659	3.7405
WP_011243699.1	443	2304	601	3.8336
WP_011243700.1	324	1570	434	3.6175
WP_011243701.1	171	852	252	3.3810
WP_011243702.1	123	644	149	4.3221
WP_011243703.1	30	151	34	4.4412
WP_011243704.1	484	2474	688	3.5959
WP_011243705.1	531	2647	740	3.5770
WP_011243706.1	185	951	280	3.3964
WP_011243708.1	86	435	136	3.1985
WP_011243709.1	472	2301	647	3.5564
WP_011243710.1	192	946	261	3.6245
WP_011243711.1	574	2816	760	3.7053
WP_011243713.1	125	597	169	3.5325
WP_011243714.1	187	943	264	3.5720
WP_011243715.1	444	2228	609	3.6585
WP_011243717.1	109	530	158	3.3544
WP_011243718.1	594	2803	786	3.5662
WP_011243719.1	1263	6303	1727	3.6497
WP_011243720.1	173	815	222	3.6712
WP_011243721.1	249	1280	355	3.6056
WP_011243724.1	115	579	157	3.6879
WP_011243725.1	203	1024	287	3.5679
WP_011243726.1	327	1607	454	3.5396
WP_011243727.1	244	1184	310	3.8194
WP_011243728.1	240	1178	323	3.6471
WP_011243729.1	503	2585	667	3.8756
WP_011243730.1	694	3567	989	3.6067
WP_011243733.1	65	325	106	3.0660
WP_011243735.1	69	338	99	3.4141
WP_011243736.1	407	1912	524	3.6489
WP_011243737.1	148	703	199	3.5327
WP_011243738.1	149	736	220	3.3455
WP_011243739.1	229	1119	309	3.6214
WP_011243740.1	253	1265	350	3.6143
WP_011243741.1	437	2181	600	3.6350
WP_011243743.1	398	2004	558	3.5914
WP_011243744.1	217	1109	309	3.5890
WP_011243745.1	399	1915	537	3.5661
WP_011243746.1	186	967	284	3.4049
WP_011243747.1	317	1543	457	3.3764
WP_011243748.1	269	1360	332	4.0964
WP_011243749.1	504	2496	710	3.5155
WP_011243750.1	184	944	280	3.3714
WP_011243751.1	146	754	216	3.4907
WP_011243752.1	257	1333	357	3.7339
WP_011243753.1	368	1851	517	3.5803
WP_011243754.1	181	897	258	3.4767
WP_011243755.1	410	2057	538	3.8234
WP_011243756.1	375	1899	504	3.7679
WP_011243757.1	255	1285	346	3.7139
WP_011243758.1	382	1997	508	3.9311
WP_011243759.1	172	916	236	3.8814
WP_011243761.1	848	4358	1160	3.7569
WP_011243762.1	788	4088	1096	3.7299
WP_011243763.1	447	2336	596	3.9195
WP_011243764.1	451	2319	624	3.7163
WP_011243766.1	121	611	184	3.3207
WP_011243767.1	78	413	130	3.1769
WP_011243769.1	125	636	175	3.6343
WP_011243770.1	471	2293	616	3.7224
WP_011243771.1	158	804	214	3.7570
WP_011243774.1	110	572	151	3.7881
WP_011243775.1	117	602	162	3.7160
WP_011243776.1	424	2085	552	3.7772
WP_011243777.1	210	1028	277	3.7112
WP_011243778.1	273	1348	373	3.6139
WP_011243780.1	388	1875	545	3.4404
WP_011243781.1	325	1584	443	3.5756
WP_011243783.1	396	2098	576	3.6424
WP_011243784.1	354	1730	409	4.2298
WP_011243786.1	246	1201	334	3.5958
WP_011243787.1	200	1034	314	3.2930
WP_011243789.1	728	3538	978	3.6176
WP_011243790.1	187	892	239	3.7322
WP_011243791.1	194	1035	273	3.7912
WP_011243792.1	223	1125	318	3.5377
WP_011243793.1	114	593	130	4.5615
WP_011243794.1	235	1138	329	3.4590
WP_011243795.1	107	552	152	3.6316
WP_011243797.1	208	1061	273	3.8864
WP_011243798.1	400	1970	532	3.7030
WP_011243799.1	107	586	168	3.4881
WP_011243800.1	116	538	163	3.3006
WP_011243801.1	137	648	191	3.3927
WP_011243802.1	531	2687	655	4.1023
WP_011243803.1	493	2379	660	3.6045
WP_011243804.1	777	3665	1015	3.6108
WP_011243805.1	290	1461	407	3.5897
WP_011243806.1	390	1863	526	3.5418
WP_011243807.1	273	1364	395	3.4532
WP_011243808.1	366	1747	470	3.7170
WP_011243809.1	254	1246	342	3.6433
WP_011243811.1	176	834	233	3.5794
WP_011243813.1	265	1347	383	3.5170
WP_011243815.1	218	1112	291	3.8213
WP_011243816.1	195	1047	251	4.1713
WP_011243817.1	541	2844	664	4.2831
WP_011243818.1	315	1545	409	3.7775
WP_011243820.1	318	1588	404	3.9307
WP_011243821.1	117	571	144	3.9653
WP_011243822.1	358	1855	494	3.7551
WP_011243823.1	159	806	220	3.6636
WP_011243824.1	353	1702	486	3.5021
WP_011243825.1	476	2352	611	3.8494
WP_011243827.1	178	883	236	3.7415
WP_011243828.1	202	975	273	3.5714
WP_011243829.1	222	1039	313	3.3195
WP_011243830.1	171	778	223	3.4888
WP_011243831.1	261	1264	355	3.5606
WP_011243832.1	506	2571	685	3.7533
WP_011243833.1	175	904	258	3.5039
WP_011243834.1	145	749	197	3.8020
WP_011243835.1	171	844	241	3.5021
WP_011243836.1	254	1238	345	3.5884
WP_011243837.1	210	1049	298	3.5201
WP_011243838.1	273	1339	368	3.6386
WP_011243839.1	122	602	165	3.6485
WP_011243840.1	749	3675	1107	3.3198
WP_011243841.1	294	1429	430	3.3233
WP_011243842.1	157	778	215	3.6186
WP_011243843.1	307	1411	410	3.4415
WP_011243845.1	313	1498	411	3.6448
WP_011243846.1	251	1247	369	3.3794
WP_011243847.1	276	1381	343	4.0262
WP_011243848.1	105	562	146	3.8493
WP_011243849.1	625	3070	880	3.4886
WP_011243850.1	402	2005	546	3.6722
WP_011243851.1	240	1126	309	3.6440
WP_011243852.1	157	773	207	3.7343
WP_011243853.1	327	1550	437	3.5469
WP_011243855.1	185	916	241	3.8008
WP_011243856.1	158	768	191	4.0209
WP_011243857.1	1000	4964	1554	3.1943
WP_011243859.1	278	1535	395	3.8861
WP_011243860.1	186	980	283	3.4629
WP_011243861.1	152	752	214	3.5140
WP_011243862.1	388	1827	538	3.3959
WP_011243864.1	184	908	247	3.6761
WP_011243865.1	476	2382	686	3.4723
WP_011243866.1	152	736	199	3.6985
WP_011243867.1	112	537	151	3.5563
WP_011243868.1	242	1153	332	3.4729
WP_011243869.1	770	3798	1095	3.4685
WP_011243870.1	81	369	103	3.5825
WP_011243871.1	357	1789	504	3.5496
WP_011243872.1	202	945	265	3.5660
WP_011243873.1	106	506	133	3.8045
WP_011243874.1	239	1213	348	3.4856
WP_011243875.1	392	1890	504	3.7500
WP_011243876.1	129	628	172	3.6512
WP_011243877.1	235	1134	316	3.5886
WP_011243878.1	115	539	152	3.5461
WP_011243880.1	153	793	219	3.6210
WP_011243882.1	228	1139	299	3.8094
WP_011243883.1	199	992	264	3.7576
WP_011243884.1	177	900	274	3.2847
WP_011243886.1	438	2233	617	3.6191
WP_011243887.1	126	627	163	3.8466
WP_011243889.1	221	1075	304	3.5362
WP_011243890.1	251	1256	360	3.4889
WP_011243891.1	213	1007	300	3.3567
WP_011243892.1	280	1362	380	3.5842
WP_011243893.1	449	2219	611	3.6318
WP_011243894.1	240	1149	319	3.6019
WP_011243895.1	474	2312	626	3.6933
WP_011243897.1	236	1185	316	3.7500
WP_011243899.1	465	2450	630	3.8889
WP_011243900.1	232	1155	336	3.4375
WP_011243901.1	755	3783	1086	3.4834
WP_011243902.1	305	1472	409	3.5990
WP_011243903.1	287	1336	391	3.4169
WP_011243905.1	167	873	254	3.4370
WP_011243906.1	70	348	103	3.3786
WP_011243907.1	217	1139	295	3.8610
WP_011243908.1	398	1923	547	3.5155
WP_011243910.1	232	1192	332	3.5904
WP_011243911.1	218	1067	298	3.5805
WP_011243912.1	157	801	231	3.4675
WP_011243913.1	321	1601	443	3.6140
WP_011243915.1	354	1693	488	3.4693
WP_011243916.1	206	1027	269	3.8178
WP_011243917.1	446	2154	650	3.3138
WP_011243918.1	414	1948	564	3.4539
WP_011243919.1	151	761	204	3.7304
WP_011243920.1	399	1903	528	3.6042
WP_011243921.1	313	1551	383	4.0496
WP_011243922.1	307	1501	380	3.9500
WP_011243923.1	253	1246	372	3.3495
WP_011243924.1	237	1153	333	3.4625
WP_011243925.1	645	3208	898	3.5724
WP_011243926.1	306	1522	439	3.4670
WP_011243928.1	202	933	253	3.6877
WP_011243929.1	72	351	97	3.6186
WP_011243930.1	526	2466	696	3.5431
WP_011243931.1	230	1065	318	3.3491
WP_011243932.1	466	2171	608	3.5707
WP_011243933.1	410	1810	515	3.5146
WP_011243934.1	300	1588	410	3.8732
WP_011243935.1	183	855	260	3.2885
WP_011243936.1	124	635	184	3.4511
WP_011243937.1	298	1439	393	3.6616
WP_011243939.1	466	2304	659	3.4962
WP_011243941.1	462	2261	656	3.4466
WP_011243942.1	518	2471	674	3.6662
WP_011243943.1	213	1029	314	3.2771
WP_011243945.1	256	1282	354	3.6215
WP_011243946.1	634	3000	816	3.6765
WP_011243947.1	288	1345	369	3.6450
WP_011243950.1	232	1076	308	3.4935
WP_011243951.1	417	2000	559	3.5778
WP_011243952.1	426	2072	562	3.6868
WP_011243953.1	477	2399	637	3.7661
WP_011243954.1	424	2181	593	3.6779
WP_011243955.1	362	1853	507	3.6548
WP_011243957.1	292	1528	403	3.7916
WP_011243958.1	316	1481	413	3.5860
WP_011243959.1	210	1038	304	3.4145
WP_011243960.1	171	855	219	3.9041
WP_011243962.1	359	1780	483	3.6853
WP_011243963.1	112	542	142	3.8169
WP_011243964.1	113	536	153	3.5033
WP_011243965.1	264	1232	346	3.5607
WP_011243967.1	211	1058	282	3.7518
WP_011243968.1	535	2592	762	3.4016
WP_011243969.1	73	366	99	3.6970
WP_011243970.1	277	1358	389	3.4910
WP_011243971.1	337	1650	453	3.6424
WP_011243972.1	337	1581	411	3.8467
WP_011243974.1	303	1510	392	3.8520
WP_011243975.1	264	1301	351	3.7066
WP_011243976.1	716	3433	951	3.6099
WP_011243977.1	331	1788	459	3.8954
WP_011243978.1	477	2214	566	3.9117
WP_011243979.1	954	4850	1323	3.6659
WP_011243980.1	198	1023	260	3.9346
WP_011243981.1	206	1011	281	3.5979
WP_011243982.1	172	849	239	3.5523
WP_011243983.1	306	1588	449	3.5367
WP_011243984.1	202	1031	270	3.8185
WP_011243986.1	381	1876	537	3.4935
WP_011243987.1	216	1064	291	3.6564
WP_011243988.1	148	718	193	3.7202
WP_011243989.1	280	1370	383	3.5770
WP_011243990.1	37	189	42	4.5000
WP_011243991.1	320	1626	436	3.7294
WP_011243993.1	635	3137	892	3.5168
WP_011243994.1	288	1320	352	3.7500
WP_011243995.1	305	1542	398	3.8744
WP_011243996.1	244	1176	339	3.4690
WP_011243997.1	174	890	249	3.5743
WP_011243998.1	294	1440	403	3.5732
WP_011243999.1	421	2079	576	3.6094
WP_011244000.1	255	1270	355	3.5775
WP_011244001.1	504	2530	683	3.7042
WP_011244002.1	351	1811	492	3.6809
WP_011244004.1	123	625	159	3.9308
WP_011244005.1	344	1759	467	3.7666
WP_011244006.1	444	2147	596	3.6023
WP_011244007.1	128	608	162	3.7531
WP_011244008.1	270	1332	367	3.6294
WP_011244009.1	379	1826	509	3.5874
WP_011244010.1	84	403	117	3.4444
WP_011244011.1	246	1207	377	3.2016
WP_011244012.1	94	425	123	3.4553
WP_011244013.1	376	1837	521	3.5259
WP_011244014.1	163	829	225	3.6844
WP_011244015.1	385	1943	541	3.5915
WP_011244016.1	392	2005	569	3.5237
WP_011244017.1	149	728	216	3.3704
WP_011244018.1	175	886	206	4.3010
WP_011244019.1	183	916	257	3.5642
WP_011244020.1	83	452	125	3.6160
WP_011244021.1	593	2910	742	3.9218
WP_011244022.1	481	2386	664	3.5934
WP_011244023.1	486	2527	677	3.7326
WP_011244027.1	389	1995	520	3.8365
WP_011244028.1	671	3446	923	3.7335
WP_011244029.1	367	1751	490	3.5735
WP_011244030.1	340	1680	456	3.6842
WP_011244031.1	1196	5835	1617	3.6085
WP_011244032.1	383	1877	502	3.7390
WP_011244033.1	396	1961	555	3.5333
WP_011244034.1	268	1295	360	3.5972
WP_011244035.1	142	647	184	3.5163
WP_011244036.1	263	1224	342	3.5789
WP_011244037.1	393	1774	507	3.4990
WP_011244039.1	136	710	188	3.7766
WP_011244040.1	347	1708	453	3.7704
WP_011244041.1	452	2212	647	3.4189
WP_011244042.1	344	1683	463	3.6350
WP_011244043.1	349	1631	460	3.5457
WP_011244044.1	264	1236	369	3.3496
WP_011244045.1	1056	5231	1310	3.9931
WP_011244046.1	376	1826	520	3.5115
WP_011244047.1	167	809	230	3.5174
WP_011244049.1	201	1027	278	3.6942
WP_011244050.1	141	693	190	3.6474
WP_011244051.1	323	1556	423	3.6785
WP_011244052.1	289	1416	393	3.6031
WP_011244053.1	344	1659	502	3.3048
WP_011244054.1	460	2211	534	4.1404
WP_011244055.1	276	1382	382	3.6178
WP_011244056.1	481	2392	692	3.4566
WP_011244058.1	107	553	180	3.0722
WP_011244059.1	174	822	216	3.8056
WP_011244060.1	233	1163	329	3.5350
WP_011244061.1	207	1028	287	3.5819
WP_011244063.1	233	1159	322	3.5994
WP_011244064.1	397	1954	544	3.5919
WP_011244065.1	359	1795	485	3.7010
WP_011244067.1	266	1313	363	3.6171
WP_011244068.1	112	590	152	3.8816
WP_011244069.1	347	1618	491	3.2953
WP_011244070.1	38	191	38	5.0263
WP_011244072.1	293	1563	417	3.7482
WP_011244073.1	453	2244	650	3.4523
WP_011244075.1	305	1475	372	3.9651
WP_011244078.1	511	2613	735	3.5551
WP_011244079.1	445	2156	590	3.6542
WP_011244080.1	160	847	192	4.4115
WP_011244081.1	215	1149	276	4.1630
WP_011244082.1	407	1978	557	3.5512
WP_011244083.1	424	2198	623	3.5281
WP_011244084.1	363	1822	523	3.4837
WP_011244085.1	157	832	203	4.0985
WP_011244086.1	250	1194	345	3.4609
WP_011244087.1	225	1089	320	3.4031
WP_011244088.1	323	1597	443	3.6050
WP_011244089.1	87	415	122	3.4016
WP_011244090.1	96	484	128	3.7812
WP_011244091.1	173	888	242	3.6694
WP_011244092.1	95	488	149	3.2752
WP_011244094.1	208	1076	276	3.8986
WP_011244095.1	790	3752	1036	3.6216
WP_011244096.1	137	652	192	3.3958
WP_011244097.1	484	2344	626	3.7444
WP_011244098.1	103	488	127	3.8425
WP_011244099.1	544	2576	714	3.6078
WP_011244104.1	372	1806	493	3.6633
WP_011244105.1	336	1727	487	3.5462
WP_011244106.1	228	1160	328	3.5366
WP_011244107.1	305	1499	409	3.6650
WP_011244109.1	118	609	179	3.4022
WP_011244110.1	164	804	228	3.5263
WP_011244111.1	89	458	142	3.2254
WP_011244112.1	207	1008	279	3.6129
WP_011244113.1	397	1944	526	3.6958
WP_011244115.1	367	1823	521	3.4990
WP_011244116.1	278	1460	412	3.5437
WP_011244117.1	149	736	212	3.4717
WP_011244118.1	754	3866	996	3.8815
WP_011244119.1	323	1518	427	3.5550
WP_011244120.1	244	1206	333	3.6216
WP_011244121.1	284	1361	382	3.5628
WP_011244122.1	178	891	274	3.2518
WP_011244123.1	324	1642	487	3.3717
WP_011244124.1	361	1842	529	3.4820
WP_011244125.1	359	1671	466	3.5858
WP_011244126.1	303	1511	428	3.5304
WP_011244128.1	637	3166	895	3.5374
WP_011244129.1	318	1582	468	3.3803
WP_011244130.1	310	1490	432	3.4491
WP_011244131.1	470	2352	568	4.1408
WP_011244132.1	715	3691	1027	3.5940
WP_011244133.1	102	486	153	3.1765
WP_011244134.1	150	724	203	3.5665
WP_011244135.1	677	3245	935	3.4706
WP_011244136.1	255	1357	390	3.4795
WP_011244137.1	176	857	238	3.6008
WP_011244138.1	183	934	244	3.8279
WP_011244139.1	344	1678	470	3.5702
WP_011244140.1	245	1276	305	4.1836
WP_011244141.1	381	1765	494	3.5729
WP_011244142.1	342	1724	492	3.5041
WP_011244143.1	431	2034	567	3.5873
WP_011244144.1	91	430	125	3.4400
WP_011244145.1	435	2116	617	3.4295
WP_011244146.1	469	2376	644	3.6894
WP_011244147.1	113	550	146	3.7671
WP_011244148.1	121	615	171	3.5965
WP_011244149.1	182	888	242	3.6694
WP_011244150.1	427	2123	574	3.6986
WP_011244152.1	184	935	258	3.6240
WP_011244153.1	134	642	194	3.3093
WP_011244154.1	452	2246	632	3.5538
WP_011244155.1	378	1887	527	3.5806
WP_011244157.1	194	938	270	3.4741
WP_011244158.1	387	1928	590	3.2678
WP_011244160.1	91	443	121	3.6612
WP_011244161.1	882	4332	1255	3.4518
WP_011244162.1	467	2426	611	3.9705
WP_011244163.1	62	322	74	4.3514
WP_011244164.1	181	867	237	3.6582
WP_011244165.1	414	2024	572	3.5385
WP_011244167.1	290	1366	402	3.3980
WP_011244168.1	176	884	258	3.4264
WP_011244169.1	171	850	238	3.5714
WP_011244171.1	144	674	184	3.6630
WP_011244172.1	554	2701	790	3.4190
WP_011244173.1	235	1176	329	3.5745
WP_011244174.1	158	786	211	3.7251
WP_011244175.1	213	999	296	3.3750
WP_011244176.1	210	1028	318	3.2327
WP_011244177.1	100	501	151	3.3179
WP_011244178.1	287	1393	457	3.0481
WP_011244179.1	91	466	142	3.2817
WP_011244180.1	117	589	177	3.3277
WP_011244181.1	244	1211	393	3.0814
WP_011244182.1	142	718	222	3.2342
WP_011244183.1	64	343	105	3.2667
WP_011244184.1	82	414	128	3.2344
WP_011244185.1	121	587	181	3.2431
WP_011244186.1	113	560	165	3.3939
WP_011244187.1	179	899	259	3.4710
WP_011244188.1	133	649	199	3.2613
WP_011244189.1	179	857	256	3.3477
WP_011244190.1	120	562	192	2.9271
WP_011244191.1	180	853	270	3.1593
WP_011244192.1	147	682	203	3.3596
WP_011244193.1	439	2174	567	3.8342
WP_011244194.1	186	894	264	3.3864
WP_011244195.1	37	189	69	2.7391
WP_011244196.1	125	605	205	2.9512
WP_011244197.1	130	598	192	3.1146
WP_011244198.1	309	1490	413	3.6077
WP_011244199.1	116	578	189	3.0582
WP_011244200.1	294	1477	430	3.4349
WP_011244201.1	151	765	230	3.3261
WP_011244202.1	135	668	206	3.2427
WP_011244203.1	77	395	105	3.7619
WP_011244204.1	368	1813	522	3.4732
WP_011244205.1	165	845	251	3.3665
WP_011244206.1	406	1957	551	3.5517
WP_011244207.1	163	782	216	3.6204
WP_011244208.1	870	4412	1178	3.7453
WP_011244209.1	376	1954	548	3.5657
WP_011244211.1	213	1026	297	3.4545
WP_011244212.1	615	2993	825	3.6279
WP_011244213.1	122	632	164	3.8537
WP_011244214.1	560	2780	785	3.5414
WP_011244215.1	535	2641	747	3.5355
WP_011244216.1	243	1175	301	3.9037
WP_011244217.1	140	711	191	3.7225
WP_011244218.1	467	2254	648	3.4784
WP_011244219.1	134	657	185	3.5514
WP_011244220.1	545	2684	701	3.8288
WP_011244221.1	134	732	185	3.9568
WP_011244222.1	266	1330	381	3.4908
WP_011244225.1	145	706	179	3.9441
WP_011244226.1	304	1515	447	3.3893
WP_011244227.1	113	571	129	4.4264
WP_011244229.1	381	1856	509	3.6464
WP_011244230.1	366	1799	528	3.4072
WP_011244231.1	209	1057	289	3.6574
WP_011244232.1	186	916	266	3.4436
WP_011244233.1	86	455	129	3.5271
WP_011244234.1	176	885	237	3.7342
WP_011244236.1	107	508	140	3.6286
WP_011244237.1	794	4033	1187	3.3976
WP_011244238.1	150	676	181	3.7348
WP_011244239.1	123	588	166	3.5422
WP_011244240.1	126	608	159	3.8239
WP_011244241.1	461	2320	671	3.4575
WP_011244243.1	218	1091	293	3.7235
WP_011244245.1	310	1608	449	3.5813
WP_011244246.1	169	818	237	3.4515
WP_011244247.1	94	470	134	3.5075
WP_011244248.1	473	2416	615	3.9285
WP_011244250.1	419	2040	600	3.4000
WP_011244251.1	737	3868	980	3.9469
WP_011244252.1	347	1730	452	3.8274
WP_011244253.1	286	1452	341	4.2581
WP_011244254.1	340	1629	473	3.4440
WP_011244255.1	136	696	183	3.8033
WP_011244257.1	162	796	248	3.2097
WP_011244258.1	420	2025	582	3.4794
WP_011244260.1	154	780	208	3.7500
WP_011244261.1	117	577	151	3.8212
WP_011244262.1	143	699	183	3.8197
WP_011244263.1	203	1104	284	3.8873
WP_011244264.1	341	1825	478	3.8180
WP_011244265.1	1328	6664	1785	3.7333
WP_011244266.1	273	1304	359	3.6323
WP_011244267.1	227	1195	325	3.6769
WP_011244268.1	349	1686	487	3.4620
WP_011244269.1	183	942	250	3.7680
WP_011244271.1	690	3522	1026	3.4327
WP_011244272.1	194	1048	260	4.0308
WP_011244273.1	134	646	182	3.5495
WP_011244274.1	191	910	250	3.6400
WP_011244276.1	134	631	184	3.4293
WP_011244277.1	133	654	172	3.8023
WP_011244278.1	323	1559	429	3.6340
WP_011244279.1	348	1594	455	3.5033
WP_011244280.1	391	1878	529	3.5501
WP_011244281.1	130	635	171	3.7135
WP_011244283.1	519	2395	817	2.9315
WP_011244284.1	95	469	122	3.8443
WP_011244285.1	479	2285	603	3.7894
WP_011244286.1	286	1461	404	3.6163
WP_011244287.1	284	1447	385	3.7584
WP_011244289.1	331	1619	455	3.5582
WP_011244290.1	180	870	237	3.6709
WP_011244291.1	302	1381	388	3.5593
WP_011244292.1	327	1596	444	3.5946
WP_011244293.1	591	2982	815	3.6589
WP_011244294.1	122	602	163	3.6933
WP_011244297.1	263	1364	328	4.1585
WP_011244298.1	289	1433	407	3.5209
WP_011244299.1	146	760	179	4.2458
WP_011244300.1	134	690	210	3.2857
WP_011244301.1	79	348	95	3.6632
WP_011244302.1	294	1476	400	3.6900
WP_011244303.1	357	1832	510	3.5922
WP_011244304.1	289	1394	392	3.5561
WP_011244305.1	183	928	256	3.6250
WP_011244307.1	664	3312	932	3.5536
WP_011244308.1	127	646	175	3.6914
WP_011244309.1	133	626	164	3.8171
WP_011244310.1	430	2294	590	3.8881
WP_011244311.1	513	2520	633	3.9810
WP_011244312.1	612	3112	754	4.1273
WP_011244313.1	432	2045	554	3.6913
WP_011244314.1	304	1557	381	4.0866
WP_011244315.1	104	518	127	4.0787
WP_011244316.1	255	1198	350	3.4229
WP_011244317.1	66	343	95	3.6105
WP_011244318.1	358	1747	478	3.6548
WP_011244320.1	223	1128	277	4.0722
WP_011244321.1	662	3250	919	3.5365
WP_011244322.1	316	1640	450	3.6444
WP_011244323.1	796	4013	1128	3.5576
WP_011244325.1	212	1029	300	3.4300
WP_011244326.1	138	712	206	3.4563
WP_011244327.1	350	1737	524	3.3149
WP_011244328.1	83	422	116	3.6379
WP_011244329.1	376	1779	517	3.4410
WP_011244330.1	655	3126	877	3.5644
WP_011244332.1	666	3269	930	3.5151
WP_011244333.1	362	1777	491	3.6191
WP_011244334.1	410	2044	534	3.8277
WP_011244335.1	184	935	252	3.7103
WP_011244336.1	415	2015	595	3.3866
WP_011244337.1	343	1715	499	3.4369
WP_011244339.1	333	1651	455	3.6286
WP_011244340.1	258	1265	348	3.6351
WP_011244341.1	411	2097	571	3.6725
WP_011244342.1	89	477	133	3.5865
WP_011244343.1	221	1091	314	3.4745
WP_011244345.1	264	1190	333	3.5736
WP_011244346.1	210	1021	271	3.7675
WP_011244347.1	79	405	101	4.0099
WP_011244348.1	414	2107	621	3.3929
WP_011244350.1	643	3196	861	3.7120
WP_011244351.1	290	1473	374	3.9385
WP_011244352.1	480	2483	701	3.5421
WP_011244354.1	763	3930	1018	3.8605
WP_011244355.1	734	3838	971	3.9526
WP_011244356.1	953	4641	1270	3.6543
WP_011244357.1	129	638	153	4.1699
WP_011244359.1	337	1659	479	3.4635
WP_011244360.1	139	665	192	3.4635
WP_011244361.1	108	533	155	3.4387
WP_011244364.1	236	1191	323	3.6873
WP_011244365.1	268	1327	407	3.2604
WP_011244366.1	230	1125	301	3.7375
WP_011244367.1	214	1107	280	3.9536
WP_011244369.1	233	1172	317	3.6972
WP_011244370.1	121	588	177	3.3220
WP_011244372.1	230	1111	298	3.7282
WP_011244374.1	193	935	266	3.5150
WP_011244375.1	250	1292	355	3.6394
WP_011244376.1	528	2601	715	3.6378
WP_011244377.1	353	1831	511	3.5832
WP_011244378.1	247	1286	359	3.5822
WP_011244379.1	467	2482	655	3.7893
WP_011244380.1	361	1859	520	3.5750
WP_011244381.1	290	1507	419	3.5967
WP_011244382.1	153	748	210	3.5619
WP_011244383.1	441	2165	614	3.5261
WP_011244384.1	97	464	153	3.0327
WP_011244385.1	1030	4871	1424	3.4206
WP_011244386.1	289	1441	348	4.1408
WP_011244387.1	81	400	110	3.6364
WP_011244388.1	97	519	126	4.1190
WP_011244389.1	39	200	48	4.1667
WP_011244390.1	277	1388	413	3.3608
WP_011244392.1	175	865	253	3.4190
WP_011244393.1	407	1976	572	3.4545
WP_011244394.1	393	1927	561	3.4349
WP_011244395.1	215	1053	279	3.7742
WP_011244396.1	922	4571	1414	3.2327
WP_011244398.1	166	840	230	3.6522
WP_011244399.1	228	1096	358	3.0615
WP_011244400.1	273	1326	350	3.7886
WP_011244401.1	196	946	288	3.2847
WP_011244402.1	237	1121	325	3.4492
WP_011244406.1	740	3552	1029	3.4519
WP_011244407.1	95	467	139	3.3597
WP_011244408.1	195	969	262	3.6985
WP_011244409.1	72	348	97	3.5876
WP_011244410.1	116	556	183	3.0383
WP_011244411.1	211	1059	298	3.5537
WP_011244412.1	238	1173	298	3.9362
WP_011244413.1	206	1007	280	3.5964
WP_011244414.1	348	1644	462	3.5584
WP_011244415.1	133	664	177	3.7514
WP_011244416.1	220	1110	281	3.9502
WP_011244417.1	303	1525	399	3.8221
WP_011244418.1	377	1892	546	3.4652
WP_011244419.1	104	525	126	4.1667
WP_011244420.1	440	2202	621	3.5459
WP_011244421.1	297	1526	437	3.4920
WP_011244422.1	308	1601	446	3.5897
WP_011244423.1	474	2423	639	3.7919
WP_011244424.1	110	560	151	3.7086
WP_011244425.1	202	1026	288	3.5625
WP_011244426.1	329	1621	460	3.5239
WP_011244428.1	111	576	158	3.6456
WP_011244429.1	665	3355	825	4.0667
WP_011244430.1	534	2772	655	4.2321
WP_011244431.1	117	589	145	4.0621
WP_011244432.1	278	1399	383	3.6527
WP_011244433.1	389	1942	505	3.8455
WP_011244434.1	255	1274	361	3.5291
WP_011244435.1	395	1924	556	3.4604
WP_011244436.1	125	608	175	3.4743
WP_011244437.1	452	2267	616	3.6802
WP_011244439.1	85	439	113	3.8850
WP_011244442.1	298	1483	412	3.5995
WP_011244443.1	40	202	54	3.7407
WP_011244444.1	182	807	238	3.3908
WP_011244445.1	168	864	256	3.3750
WP_011244446.1	600	2979	807	3.6914
WP_011244447.1	123	588	163	3.6074
WP_011244448.1	145	706	197	3.5838
WP_011244449.1	305	1503	418	3.5957
WP_011244450.1	546	2690	748	3.5963
WP_011244451.1	128	653	176	3.7102
WP_011244452.1	113	584	162	3.6049
WP_011244453.1	120	601	162	3.7099
WP_011244454.1	83	427	116	3.6810
WP_011244455.1	102	522	131	3.9847
WP_011244456.1	81	445	122	3.6475
WP_011244457.1	483	2416	651	3.7112
WP_011244458.1	159	790	230	3.4348
WP_011244459.1	643	3292	964	3.4149
WP_011244460.1	342	1695	463	3.6609
WP_011244461.1	631	3140	896	3.5045
WP_011244462.1	150	749	198	3.7828
WP_011244464.1	419	2111	521	4.0518
WP_011244466.1	353	1805	443	4.0745
WP_011244467.1	246	1237	319	3.8777
WP_011244468.1	80	400	123	3.2520
WP_011244469.1	262	1366	336	4.0655
WP_011244471.1	348	1634	470	3.4766
WP_011244472.1	177	856	228	3.7544
WP_011244473.1	256	1289	363	3.5510
WP_011244474.1	247	1256	339	3.7050
WP_011244475.1	386	1816	537	3.3818
WP_011244476.1	80	382	114	3.3509
WP_011244477.1	280	1329	361	3.6814
WP_011244478.1	97	506	135	3.7481
WP_011244479.1	283	1404	389	3.6093
WP_011244481.1	218	1133	329	3.4438
WP_011244482.1	166	824	245	3.3633
WP_011244483.1	150	767	202	3.7970
WP_011244484.1	865	4403	1186	3.7125
WP_011244485.1	253	1234	355	3.4761
WP_011244487.1	364	1848	451	4.0976
WP_011244488.1	270	1339	376	3.5612
WP_011244489.1	130	654	194	3.3711
WP_011244490.1	152	773	211	3.6635
WP_011244491.1	127	624	186	3.3548
WP_011244492.1	29	151	36	4.1944
WP_011244493.1	224	1113	318	3.5000
WP_011244494.1	748	3669	1048	3.5010
WP_011244495.1	212	1017	293	3.4710
WP_011244496.1	198	938	271	3.4613
WP_011244497.1	144	729	192	3.7969
WP_011244498.1	358	1953	498	3.9217
WP_011244499.1	246	1276	361	3.5346
WP_011244500.1	1000	4996	1355	3.6871
WP_011244501.1	441	2160	632	3.4177
WP_011244502.1	376	1921	546	3.5183
WP_011244503.1	348	1799	486	3.7016
WP_011244504.1	793	4073	1096	3.7162
WP_011244505.1	193	969	261	3.7126
WP_011244507.1	468	2225	622	3.5772
WP_011244508.1	296	1495	437	3.4211
WP_011244509.1	415	1879	548	3.4288
WP_011244510.1	270	1394	382	3.6492
WP_011244511.1	359	1859	465	3.9978
WP_011244513.1	269	1347	365	3.6904
WP_011244514.1	186	983	268	3.6679
WP_011244515.1	168	815	232	3.5129
WP_011244516.1	531	2873	760	3.7803
WP_011244517.1	346	1833	492	3.7256
WP_011244518.1	430	2192	619	3.5412
WP_011244520.1	255	1255	335	3.7463
WP_011244521.1	173	818	230	3.5565
WP_011244522.1	239	1267	339	3.7375
WP_011244523.1	136	675	185	3.6486
WP_011244525.1	312	1536	429	3.5804
WP_011244526.1	330	1702	489	3.4806
WP_011244527.1	667	3413	934	3.6542
WP_011244529.1	466	2212	636	3.4780
WP_011244530.1	156	792	217	3.6498
WP_011244531.1	226	1161	319	3.6395
WP_011244532.1	482	2418	673	3.5929
WP_011244533.1	177	889	240	3.7042
WP_011244534.1	427	1950	605	3.2231
WP_011244535.1	1084	5189	1421	3.6517
WP_011244536.1	143	742	196	3.7857
WP_011244539.1	306	1489	409	3.6406
WP_011244541.1	293	1458	422	3.4550
WP_011244542.1	339	1681	451	3.7273
WP_011244543.1	421	2016	560	3.6000
WP_011244544.1	235	1154	333	3.4655
WP_011244545.1	917	4670	1256	3.7182
WP_011244546.1	238	1202	328	3.6646
WP_011244548.1	168	803	243	3.3045
WP_011244549.1	456	2262	624	3.6250
WP_011244550.1	566	2773	754	3.6777
WP_011244551.1	234	1174	307	3.8241
WP_011244552.1	209	990	279	3.5484
WP_011244553.1	487	2446	671	3.6453
WP_011244554.1	409	1968	550	3.5782
WP_011244555.1	398	2033	603	3.3715
WP_011244556.1	354	1705	472	3.6123
WP_011244557.1	299	1423	379	3.7546
WP_011244558.1	609	2954	857	3.4469
WP_011244559.1	75	383	106	3.6132
WP_011244560.1	174	887	242	3.6653
WP_011244561.1	269	1333	374	3.5642
WP_011244562.1	422	2126	646	3.2910
WP_011244563.1	455	2184	619	3.5283
WP_011244565.1	246	1224	343	3.5685
WP_011244566.1	508	2522	707	3.5672
WP_011244567.1	114	588	152	3.8684
WP_011244569.1	208	1074	263	4.0837
WP_011244570.1	152	763	230	3.3174
WP_011244571.1	252	1213	324	3.7438
WP_011244572.1	149	741	187	3.9626
WP_011244573.1	387	1790	489	3.6605
WP_011244574.1	107	525	135	3.8889
WP_011244575.1	256	1155	328	3.5213
WP_011244576.1	85	446	131	3.4046
WP_011244578.1	313	1546	443	3.4898
WP_011244580.1	154	757	206	3.6748
WP_011244583.1	119	596	166	3.5904
WP_011244585.1	194	982	252	3.8968
WP_011244586.1	105	523	146	3.5822
WP_011244589.1	411	2023	595	3.4000
WP_011244591.1	638	3266	869	3.7583
WP_011244592.1	1037	5323	1437	3.7042
WP_011244593.1	584	2878	810	3.5531
WP_011244594.1	571	2824	774	3.6486
WP_011244595.1	247	1201	333	3.6066
WP_011244596.1	148	713	206	3.4612
WP_011244597.1	157	797	204	3.9069
WP_011244598.1	259	1297	376	3.4495
WP_011244599.1	187	919	249	3.6908
WP_011244600.1	143	709	216	3.2824
WP_011244601.1	540	2744	780	3.5179
WP_011244602.1	238	1113	307	3.6254
WP_011244603.1	149	751	248	3.0282
WP_011244605.1	208	1093	315	3.4698
WP_011244606.1	177	890	270	3.2963
WP_011244607.1	97	483	136	3.5515
WP_011244608.1	154	806	247	3.2632
WP_011244611.1	326	1592	418	3.8086
WP_011244612.1	411	1974	565	3.4938
WP_011244614.1	326	1576	448	3.5179
WP_011244615.1	1568	7483	2198	3.4045
WP_011244616.1	160	769	227	3.3877
WP_011244617.1	175	859	223	3.8520
WP_011244618.1	140	703	224	3.1384
WP_011244619.1	275	1385	416	3.3293
WP_011244620.1	955	4988	1313	3.7989
WP_011244621.1	430	2108	562	3.7509
WP_011244622.1	91	435	117	3.7179
WP_011244623.1	541	2696	787	3.4257
WP_011244626.1	317	1697	469	3.6183
WP_011244627.1	321	1561	452	3.4535
WP_011244628.1	57	307	111	2.7658
WP_011244630.1	82	427	132	3.2348
WP_011244633.1	128	669	172	3.8895
WP_011244635.1	470	2480	618	4.0129
WP_011244636.1	343	1828	426	4.2911
WP_011244639.1	272	1364	365	3.7370
WP_011244641.1	576	2737	798	3.4298
WP_011244642.1	363	1716	475	3.6126
WP_011244643.1	56	294	78	3.7692
WP_011244645.1	63	301	91	3.3077
WP_011244648.1	154	763	229	3.3319
WP_011244649.1	250	1198	338	3.5444
WP_011244650.1	67	319	86	3.7093
WP_011244651.1	128	659	187	3.5241
WP_011244652.1	130	638	197	3.2386
WP_011244653.1	253	1364	372	3.6667
WP_011244654.1	394	1993	539	3.6976
WP_011244655.1	320	1635	482	3.3921
WP_011244657.1	136	690	198	3.4848
WP_011244658.1	394	2049	552	3.7120
WP_011244659.1	339	1653	456	3.6250
WP_011244660.1	478	2284	659	3.4659
WP_011244661.1	301	1443	408	3.5368
WP_011244663.1	419	2052	560	3.6643
WP_011244664.1	442	2083	606	3.4373
WP_011244665.1	261	1264	342	3.6959
WP_011244666.1	479	2385	621	3.8406
WP_011244667.1	120	586	160	3.6625
WP_011244668.1	214	1057	307	3.4430
WP_011244669.1	136	683	179	3.8156
WP_011244670.1	161	805	220	3.6591
WP_011244671.1	195	944	255	3.7020
WP_011244672.1	385	1912	564	3.3901
WP_011244674.1	193	972	233	4.1717
WP_011244675.1	163	903	220	4.1045
WP_011244676.1	483	2387	665	3.5895
WP_011244677.1	102	536	153	3.5033
WP_011244678.1	516	2516	712	3.5337
WP_011244679.1	361	1775	495	3.5859
WP_011244680.1	234	1125	304	3.7007
WP_011244681.1	146	737	210	3.5095
WP_011244682.1	475	2352	638	3.6865
WP_011244684.1	435	2128	618	3.4434
WP_011244685.1	1238	6323	1756	3.6008
WP_011244686.1	217	1096	293	3.7406
WP_011244687.1	338	1691	465	3.6366
WP_011244689.1	121	599	161	3.7205
WP_011244690.1	190	934	283	3.3004
WP_011244691.1	76	385	108	3.5648
WP_011244692.1	513	2538	728	3.4863
WP_011244693.1	675	3413	914	3.7341
WP_011244694.1	143	728	203	3.5862
WP_011244695.1	730	3502	983	3.5626
WP_011244696.1	39	211	47	4.4894
WP_011244697.1	269	1405	412	3.4102
WP_011244699.1	178	902	266	3.3910
WP_011244700.1	314	1586	429	3.6970
WP_011244701.1	464	2318	601	3.8569
WP_011244702.1	113	557	161	3.4596
WP_011244703.1	93	442	125	3.5360
WP_011244705.1	332	1552	437	3.5515
WP_011244706.1	858	4191	1221	3.4324
WP_011244707.1	133	649	178	3.6461
WP_011244708.1	303	1531	415	3.6892
WP_011244710.1	199	948	251	3.7769
WP_011244711.1	320	1613	436	3.6995
WP_011244712.1	286	1474	363	4.0606
WP_011244713.1	288	1499	359	4.1755
WP_011244714.1	341	1713	468	3.6603
WP_011244715.1	286	1431	357	4.0084
WP_011244716.1	206	1013	298	3.3993
WP_011244717.1	81	411	111	3.7027
WP_011244718.1	278	1460	335	4.3582
WP_011244719.1	350	1707	456	3.7434
WP_011244721.1	112	560	154	3.6364
WP_011244722.1	180	893	249	3.5863
WP_011244723.1	365	1816	505	3.5960
WP_011244724.1	217	989	290	3.4103
WP_011244725.1	161	874	247	3.5385
WP_011244726.1	103	491	150	3.2733
WP_011244727.1	221	1094	294	3.7211
WP_011244728.1	241	1179	334	3.5299
WP_011244729.1	203	986	283	3.4841
WP_011244730.1	696	3292	905	3.6376
WP_011244731.1	556	2750	695	3.9568
WP_011244732.1	463	2244	634	3.5394
WP_011244733.1	234	1186	314	3.7771
WP_011244734.1	371	1885	514	3.6673
WP_011244736.1	478	2430	685	3.5474
WP_011244737.1	187	860	236	3.6441
WP_011244739.1	215	1068	283	3.7739
WP_011244741.1	720	3600	992	3.6290
WP_011244742.1	127	626	165	3.7939
WP_011244743.1	398	1841	504	3.6528
WP_011244744.1	546	2740	732	3.7432
WP_011244746.1	1079	5504	1547	3.5579
WP_011244747.1	238	1178	298	3.9530
WP_011244748.1	149	713	212	3.3632
WP_011244749.1	306	1550	443	3.4989
WP_011244750.1	240	1191	332	3.5873
WP_011244751.1	247	1206	355	3.3972
WP_011244753.1	506	2556	730	3.5014
WP_011244754.1	356	1708	487	3.5072
WP_011244756.1	213	1027	292	3.5171
WP_011244757.1	88	431	112	3.8482
WP_011244758.1	352	1855	459	4.0414
WP_011244759.1	135	663	186	3.5645
WP_011244762.1	151	753	219	3.4384
WP_011244763.1	334	1567	443	3.5372
WP_011244765.1	219	1102	271	4.0664
WP_011244766.1	193	982	244	4.0246
WP_011244767.1	97	515	128	4.0234
WP_011244768.1	85	429	101	4.2475
WP_011244769.1	480	2517	585	4.3026
WP_011244770.1	111	559	134	4.1716
WP_011244771.1	373	1824	450	4.0533
WP_011244772.1	104	504	137	3.6788
WP_011244773.1	731	3675	1008	3.6458
WP_011244776.1	184	910	260	3.5000
WP_011244777.1	217	1049	283	3.7067
WP_011244778.1	521	2576	707	3.6436
WP_011244779.1	142	694	195	3.5590
WP_011244781.1	88	449	127	3.5354
WP_011244782.1	82	426	111	3.8378
WP_011244783.1	202	1034	325	3.1815
WP_011244784.1	450	2240	594	3.7710
WP_011244785.1	278	1462	374	3.9091
WP_011244786.1	663	3303	910	3.6297
WP_011244787.1	278	1409	383	3.6789
WP_011244788.1	189	970	291	3.3333
WP_011244789.1	279	1371	371	3.6954
WP_011244790.1	237	1197	341	3.5103
WP_011244791.1	175	866	248	3.4919
WP_011244792.1	301	1429	406	3.5197
WP_011244793.1	186	936	247	3.7895
WP_011244794.1	99	456	113	4.0354
WP_011244795.1	299	1482	393	3.7710
WP_011244798.1	259	1277	365	3.4986
WP_011244799.1	462	2354	677	3.4771
WP_011244801.1	138	717	202	3.5495
WP_011244803.1	241	1151	297	3.8754
WP_011244804.1	357	1729	496	3.4859
WP_011244805.1	259	1345	404	3.3292
WP_011244806.1	145	775	213	3.6385
WP_011244807.1	481	2422	648	3.7377
WP_011244808.1	402	1974	534	3.6966
WP_011244809.1	199	1030	312	3.3013
WP_011244811.1	215	1090	320	3.4062
WP_011244812.1	457	2259	624	3.6202
WP_011244813.1	766	3895	1141	3.4137
WP_011244814.1	434	2086	585	3.5658
WP_011244815.1	98	492	153	3.2157
WP_011244816.1	265	1295	365	3.5479
WP_011244817.1	1100	5494	1531	3.5885
WP_011244818.1	624	3177	905	3.5105
WP_011244819.1	1318	6334	1784	3.5504
WP_011244822.1	263	1306	353	3.6997
WP_011244823.1	838	4328	1167	3.7087
WP_011244824.1	109	587	147	3.9932
WP_011244825.1	339	1692	478	3.5397
WP_011244826.1	141	675	195	3.4615
WP_011244827.1	271	1326	345	3.8435
WP_011244828.1	221	1089	266	4.0940
WP_011244829.1	253	1200	337	3.5608
WP_011244830.1	735	3788	1043	3.6318
WP_011244832.1	226	1100	291	3.7801
WP_011244833.1	121	597	166	3.5964
WP_011244834.1	100	504	137	3.6788
WP_011244835.1	236	1231	329	3.7416
WP_011377403.1	624	3147	897	3.5084
WP_011377404.1	389	1924	525	3.6648
WP_011377407.1	222	1157	320	3.6156
WP_011377409.1	252	1250	343	3.6443
WP_011377411.1	67	357	107	3.3364
WP_011377415.1	660	3292	919	3.5822
WP_011377420.1	633	3309	847	3.9067
WP_011377423.1	81	398	103	3.8641
WP_011377428.1	98	471	137	3.4380
WP_011377432.1	233	1113	313	3.5559
WP_011377435.1	215	1024	304	3.3684
WP_011377436.1	311	1530	437	3.5011
WP_011377439.1	184	911	256	3.5586
WP_011377445.1	168	835	222	3.7613
WP_011377455.1	195	917	256	3.5820
WP_011377471.1	76	388	96	4.0417
WP_011377473.1	76	401	110	3.6455
WP_011377474.1	227	1007	282	3.5709
WP_011377476.1	97	507	142	3.5704
WP_011377477.1	70	337	87	3.8736
WP_011377483.1	508	2413	678	3.5590
WP_011377484.1	83	424	112	3.7857
WP_011377487.1	453	2292	568	4.0352
WP_011377495.1	133	668	201	3.3234
WP_011377501.1	136	694	191	3.6335
WP_011377502.1	187	836	270	3.0963
WP_011377503.1	112	541	160	3.3813
WP_011377505.1	369	1793	439	4.0843
WP_011377506.1	377	1973	511	3.8611
WP_011377508.1	152	799	227	3.5198
WP_011377514.1	185	911	253	3.6008
WP_011377515.1	293	1490	402	3.7065
WP_011377525.1	120	590	181	3.2597
WP_011377526.1	479	2333	696	3.3520
WP_011377528.1	76	360	97	3.7113
WP_011377529.1	408	2084	497	4.1932
WP_011377533.1	152	711	195	3.6462
WP_011377534.1	151	710	186	3.8172
WP_011377535.1	394	2009	499	4.0261
WP_011377538.1	171	819	240	3.4125
WP_011377541.1	75	385	111	3.4685
WP_011377542.1	133	638	189	3.3757
WP_011377543.1	320	1578	403	3.9156
WP_011377544.1	542	2659	732	3.6325
WP_011377545.1	393	1986	568	3.4965
WP_011377553.1	94	412	125	3.2960
WP_011377554.1	508	2534	733	3.4570
WP_011377557.1	228	1189	280	4.2464
WP_011377558.1	236	1263	302	4.1821
WP_011377559.1	373	1906	530	3.5962
WP_011377562.1	226	1101	297	3.7071
WP_011377569.1	94	459	131	3.5038
WP_011377574.1	132	682	169	4.0355
WP_011377575.1	179	787	230	3.4217
WP_011377580.1	168	865	257	3.3658
WP_011377582.1	497	2429	594	4.0892
WP_011377585.1	384	1915	552	3.4692
WP_011377586.1	163	809	242	3.3430
WP_011377600.1	494	2643	741	3.5668
WP_011377601.1	178	843	258	3.2674
WP_011377602.1	331	1590	431	3.6891
WP_011377605.1	140	677	189	3.5820
WP_011377607.1	172	821	235	3.4936
WP_011377608.1	123	576	167	3.4491
WP_011377610.1	293	1571	368	4.2690
WP_011377622.1	63	310	81	3.8272
WP_011377624.1	331	1577	449	3.5122
WP_011377625.1	251	1221	334	3.6557
WP_011377628.1	146	724	200	3.6200
WP_011377629.1	78	399	120	3.3250
WP_011377639.1	86	426	126	3.3810
WP_011377647.1	386	1962	524	3.7443
WP_011377654.1	68	334	94	3.5532
WP_011377657.1	205	1040	289	3.5986
WP_011377661.1	75	369	89	4.1461
WP_011377670.1	304	1404	391	3.5908
WP_011377671.1	449	2279	633	3.6003
WP_011377675.1	320	1630	482	3.3817
WP_011377678.1	401	1941	545	3.5615
WP_011377679.1	126	679	186	3.6505
WP_011377683.1	277	1487	399	3.7268
WP_011377685.1	114	558	157	3.5541
WP_011377689.1	402	1956	538	3.6357
WP_011377693.1	96	495	132	3.7500
WP_011377695.1	847	4165	1192	3.4941
WP_011377697.1	186	910	250	3.6400
WP_011377704.1	96	476	126	3.7778
WP_011377710.1	140	698	188	3.7128
WP_011377716.1	144	716	213	3.3615
WP_011377717.1	218	1106	300	3.6867
WP_011377718.1	300	1452	399	3.6391
WP_011377721.1	289	1349	390	3.4590
WP_011377730.1	412	2028	579	3.5026
WP_011377737.1	195	957	259	3.6950
WP_011377740.1	77	399	108	3.6944
WP_011377742.1	681	3421	945	3.6201
WP_011377743.1	89	438	121	3.6198
WP_011377744.1	144	690	204	3.3824
WP_011377749.1	110	528	160	3.3000
WP_011377763.1	341	1619	432	3.7477
WP_011377783.1	180	807	209	3.8612
WP_011377785.1	70	321	104	3.0865
WP_011377786.1	235	1127	308	3.6591
WP_011377788.1	148	731	212	3.4481
WP_011377802.1	275	1426	349	4.0860
WP_011377814.1	207	1051	266	3.9511
WP_011377815.1	147	724	198	3.6566
WP_011377819.1	131	678	169	4.0118
WP_011377826.1	117	593	164	3.6159
WP_011377830.1	78	389	117	3.3248
WP_011377843.1	142	730	192	3.8021
WP_011377847.1	75	372	108	3.4444
WP_011377849.1	82	402	117	3.4359
WP_011377853.1	183	899	245	3.6694
WP_011377869.1	516	2471	691	3.5760
WP_011377873.1	282	1385	414	3.3454
WP_011377890.1	1047	5372	1448	3.7099
WP_011377904.1	244	1241	365	3.4000
WP_011377905.1	232	1111	320	3.4719
WP_011377911.1	166	804	218	3.6881
WP_011377917.1	54	276	85	3.2471
WP_011377926.1	421	2062	552	3.7355
WP_011377930.1	167	905	229	3.9520
WP_011377933.1	114	587	163	3.6012
WP_011377937.1	93	414	126	3.2857
WP_011377953.1	83	395	108	3.6574
WP_011377960.1	403	1955	526	3.7167
WP_011377967.1	522	2540	747	3.4003
WP_011377971.1	158	763	209	3.6507
WP_011377972.1	190	971	286	3.3951
WP_011377976.1	118	595	187	3.1818
WP_011377977.1	600	2986	836	3.5718
WP_011377979.1	623	3024	834	3.6259
WP_011377983.1	282	1420	414	3.4300
WP_011377985.1	454	2218	625	3.5488
WP_011377987.1	97	469	134	3.5000
WP_011377993.1	260	1254	352	3.5625
WP_011377994.1	361	1915	438	4.3721
WP_011377997.1	99	483	129	3.7442
WP_011378003.1	232	1175	290	4.0517
WP_011378005.1	79	407	105	3.8762
WP_011378013.1	73	364	103	3.5340
WP_011378015.1	114	563	152	3.7039
WP_011378017.1	442	2009	542	3.7066
WP_011378027.1	68	319	84	3.7976
WP_011378035.1	139	662	181	3.6575
WP_011378044.1	229	1131	357	3.1681
WP_011378046.1	128	724	179	4.0447
WP_011378051.1	497	2339	647	3.6151
WP_011378055.1	67	326	96	3.3958
WP_011378058.1	365	1736	477	3.6394
WP_011378075.1	83	403	120	3.3583
WP_011378076.1	126	618	178	3.4719
WP_011378080.1	192	953	274	3.4781
WP_011378081.1	310	1552	462	3.3593
WP_011378082.1	355	1889	543	3.4788
WP_011378096.1	178	939	270	3.4778
WP_011378104.1	231	1182	311	3.8006
WP_011378105.1	245	1174	346	3.3931
WP_011378106.1	375	1802	516	3.4922
WP_011378111.1	469	2304	644	3.5776
WP_011378114.1	191	926	258	3.5891
WP_011378121.1	177	891	277	3.2166
WP_011378122.1	166	793	225	3.5244
WP_011378129.1	189	983	256	3.8398
WP_011378130.1	73	369	99	3.7273
WP_011378131.1	152	786	189	4.1587
WP_011378132.1	277	1422	361	3.9391
WP_011378134.1	64	317	90	3.5222
WP_011378136.1	48	253	54	4.6852
WP_011378138.1	338	1708	482	3.5436
WP_011378147.1	246	1194	335	3.5642
WP_011378149.1	45	230	60	3.8333
WP_011378153.1	300	1578	414	3.8116
WP_011378161.1	171	842	217	3.8802
WP_011378167.1	181	916	252	3.6349
WP_011378179.1	167	771	236	3.2669
WP_011378185.1	105	497	167	2.9760
WP_011378186.1	85	406	115	3.5304
WP_011378187.1	619	3180	874	3.6384
WP_011378188.1	581	2806	832	3.3726
WP_011378191.1	263	1387	356	3.8961
WP_011378192.1	107	540	141	3.8298
WP_011378195.1	343	1606	445	3.6090
WP_011378206.1	121	595	167	3.5629
WP_011378207.1	242	1164	287	4.0557
WP_011378209.1	219	1037	299	3.4682
WP_011378210.1	208	990	278	3.5612
WP_011378212.1	110	547	148	3.6959
WP_011378213.1	168	793	221	3.5882
WP_011378221.1	288	1364	364	3.7473
WP_011378225.1	136	657	174	3.7759
WP_011378226.1	293	1540	466	3.3047
WP_011378228.1	68	361	95	3.8000
WP_011378231.1	258	1276	359	3.5543
WP_011378234.1	162	799	217	3.6820
WP_011378248.1	298	1481	425	3.4847
WP_011378256.1	549	2691	796	3.3807
WP_011378257.1	288	1436	368	3.9022
WP_011378274.1	160	781	204	3.8284
WP_011378282.1	396	2018	506	3.9881
WP_011378286.1	334	1670	481	3.4719
WP_011378292.1	313	1558	423	3.6832
WP_011378295.1	191	908	257	3.5331
WP_011378297.1	84	431	115	3.7478
WP_011378302.1	207	1004	286	3.5105
WP_011378306.1	393	1884	541	3.4824
WP_011378330.1	59	315	87	3.6207
WP_011378332.1	472	2210	656	3.3689
WP_011378336.1	111	528	167	3.1617
WP_011378338.1	295	1488	410	3.6293
WP_011378343.1	67	312	82	3.8049
WP_011378346.1	384	1885	529	3.5633
WP_011378348.1	162	805	209	3.8517
WP_011378350.1	149	752	220	3.4182
WP_011378353.1	61	318	75	4.2400
WP_011378361.1	367	1749	498	3.5120
WP_011378372.1	141	682	190	3.5895
WP_011378378.1	55	282	74	3.8108
WP_011378383.1	85	416	125	3.3280
WP_011378396.1	90	412	116	3.5517
WP_011378397.1	278	1307	374	3.4947
WP_011378400.1	198	1001	252	3.9722
WP_011378401.1	489	2376	673	3.5305
WP_011378402.1	259	1276	372	3.4301
WP_011378403.1	357	1739	487	3.5708
WP_011378409.1	344	1703	467	3.6467
WP_011378410.1	57	285	88	3.2386
WP_011378411.1	317	1496	451	3.3171
WP_011378420.1	402	1950	542	3.5978
WP_011378429.1	92	470	135	3.4815
WP_011378432.1	69	354	87	4.0690
WP_011378434.1	282	1455	436	3.3372
WP_011378453.1	270	1363	383	3.5587
WP_011378456.1	267	1392	325	4.2831
WP_011378465.1	310	1571	375	4.1893
WP_011378468.1	771	3566	995	3.5839
WP_011378473.1	724	3670	992	3.6996
WP_011378477.1	83	461	128	3.6016
WP_011378478.1	235	1169	341	3.4282
WP_011378486.1	197	929	277	3.3538
WP_011378488.1	91	469	132	3.5530
WP_011378490.1	437	2149	607	3.5404
WP_011378493.1	86	432	119	3.6303
WP_011378497.1	79	399	130	3.0692
WP_011378501.1	442	2208	615	3.5902
WP_011378503.1	85	451	133	3.3910
WP_011378507.1	94	489	136	3.5956
WP_011378509.1	299	1525	419	3.6396
WP_011378515.1	84	420	119	3.5294
WP_011378517.1	238	1138	345	3.2986
WP_011378519.1	409	1940	536	3.6194
WP_011378520.1	365	1832	484	3.7851
WP_011378527.1	203	952	284	3.3521
WP_011378529.1	304	1532	408	3.7549
WP_011378530.1	604	3127	832	3.7584
WP_011378531.1	106	500	154	3.2468
WP_039755439.1	404	1966	549	3.5811
WP_039755448.1	66	311	82	3.7927
WP_039755450.1	415	2055	573	3.5864
WP_039755453.1	68	377	104	3.6250
WP_039755467.1	59	289	84	3.4405
WP_039755475.1	96	519	141	3.6809
WP_039755494.1	328	1557	436	3.5711
WP_039755496.1	105	534	153	3.4902
WP_039755509.1	64	302	75	4.0267
WP_039755514.1	67	276	76	3.6316
WP_039755541.1	103	514	125	4.1120
WP_039755550.1	331	1727	451	3.8293
WP_039755577.1	1007	5229	1436	3.6414
WP_039755580.1	60	294	84	3.5000
WP_039755581.1	66	332	104	3.1923
WP_039755585.1	290	1436	362	3.9669
WP_039755588.1	69	354	110	3.2182
WP_039755593.1	124	592	175	3.3829
WP_039755595.1	142	724	217	3.3364
WP_039755600.1	189	1023	265	3.8604
WP_039755639.1	59	335	74	4.5270
WP_039755663.1	62	302	83	3.6386
WP_039755693.1	61	328	87	3.7701
WP_039755710.1	544	2598	671	3.8718
WP_039755714.1	109	598	156	3.8333
WP_039755738.1	74	402	108	3.7222
WP_039755743.1	287	1468	391	3.7545
WP_039755754.1	107	542	134	4.0448
WP_039755764.1	66	318	99	3.2121
WP_039755778.1	72	365	97	3.7629
WP_039755781.1	416	2079	558	3.7258
WP_039755782.1	68	341	124	2.7500
WP_039755790.1	154	718	198	3.6263
WP_039755800.1	69	354	84	4.2143
WP_039755816.1	68	326	120	2.7167
WP_039755818.1	92	465	132	3.5227
WP_039755822.1	64	323	86	3.7558
WP_039755827.1	67	337	114	2.9561
WP_039755828.1	76	384	112	3.4286
WP_039755830.1	72	359	112	3.2054
WP_039755832.1	212	1076	295	3.6475
WP_039755834.1	66	324	89	3.6404
WP_039755838.1	164	827	210	3.9381
WP_039755858.1	276	1269	363	3.4959
WP_039755863.1	109	577	164	3.5183
WP_039755866.1	70	404	91	4.4396
WP_039755873.1	251	1333	312	4.2724
WP_039755875.1	141	733	183	4.0055
WP_039755876.1	398	2022	570	3.5474
WP_039755886.1	112	568	140	4.0571
WP_039755888.1	327	1632	456	3.5789
WP_039755904.1	120	599	184	3.2554
WP_039755934.1	173	838	231	3.6277
WP_039755939.1	169	892	214	4.1682
WP_039755951.1	529	2504	701	3.5720
WP_039755953.1	170	837	226	3.7035
WP_039755970.1	200	980	279	3.5125
WP_039755972.1	230	1147	316	3.6297
WP_039755983.1	240	1143	343	3.3324
WP_039755986.1	120	659	156	4.2244
WP_039755988.1	200	1029	289	3.5606
WP_039756004.1	395	1973	565	3.4920
WP_039756023.1	83	366	113	3.2389
WP_039756031.1	64	276	79	3.4937
WP_041674883.1	73	369	102	3.6176
WP_041674884.1	82	407	114	3.5702
WP_041676877.1	155	759	215	3.5302
WP_041676881.1	462	2199	630	3.4905
WP_041676883.1	146	744	197	3.7766
WP_041676890.1	470	2209	588	3.7568
WP_041676892.1	244	1213	343	3.5364
WP_041676894.1	254	1226	357	3.4342
WP_041676896.1	384	1892	569	3.3251
WP_041676898.1	95	483	125	3.8640
WP_041676900.1	1434	6197	1704	3.6367
WP_041676907.1	432	2128	602	3.5349
WP_041676910.1	337	1721	464	3.7091
WP_041676913.1	587	3004	831	3.6149
WP_041676915.1	435	2184	597	3.6583
WP_041676922.1	412	2061	593	3.4755
WP_041676926.1	647	3240	885	3.6610
WP_041676931.1	451	2206	658	3.3526
WP_041676933.1	282	1336	375	3.5627
WP_041676934.1	106	515	145	3.5517
WP_041676936.1	664	3313	912	3.6327
WP_041676939.1	876	4224	1177	3.5888
WP_041676942.1	66	312	85	3.6706
WP_041676944.1	217	1052	288	3.6528
WP_041676945.1	354	1777	506	3.5119
WP_041676947.1	81	400	108	3.7037
WP_041676948.1	156	817	223	3.6637
WP_041676949.1	182	927	254	3.6496
WP_041676950.1	494	2422	693	3.4949
WP_041676952.1	80	387	105	3.6857
WP_041676954.1	212	993	273	3.6374
WP_041676958.1	283	1451	381	3.8084
WP_041676959.1	180	883	244	3.6189
WP_041676962.1	279	1391	382	3.6414
WP_041676964.1	62	293	82	3.5732
WP_041676967.1	130	652	161	4.0497
WP_041676970.1	371	1769	475	3.7242
WP_041676973.1	604	3029	808	3.7488
WP_041676975.1	177	854	256	3.3359
WP_041676979.1	513	2427	675	3.5956
WP_041676981.1	392	1951	563	3.4654
WP_041676984.1	431	2146	612	3.5065
WP_041676986.1	143	712	205	3.4732
WP_041676988.1	106	586	124	4.7258
WP_041676991.1	252	1269	370	3.4297
WP_041676993.1	483	2541	621	4.0918
WP_041676995.1	953	4777	1304	3.6633
WP_041676997.1	435	2247	582	3.8608
WP_041677000.1	434	2120	522	4.0613
WP_041677005.1	181	893	246	3.6301
WP_041677008.1	452	2230	631	3.5341
WP_041677013.1	542	2770	759	3.6495
WP_041677015.1	344	1626	473	3.4376
WP_041677018.1	434	2153	580	3.7121
WP_041677020.1	247	1185	316	3.7500
WP_041677022.1	471	2391	595	4.0185
WP_041677029.1	259	1289	387	3.3307
WP_041677030.1	403	2017	535	3.7701
WP_041677031.1	138	696	203	3.4286
WP_041677032.1	306	1590	461	3.4490
WP_041677034.1	1195	5854	1787	3.2759
WP_041677042.1	333	1609	459	3.5054
WP_041677043.1	392	1951	532	3.6673
WP_041677044.1	485	2356	668	3.5269
WP_041677046.1	98	509	127	4.0079
WP_041677048.1	270	1365	415	3.2892
WP_041677052.1	593	3028	770	3.9325
WP_041677054.1	425	2061	575	3.5843
WP_041677061.1	547	2616	672	3.8929
WP_041677063.1	531	2557	697	3.6686
WP_041677068.1	146	717	202	3.5495
WP_041677077.1	874	4395	1236	3.5558
WP_041677082.1	103	540	143	3.7762
WP_041677083.1	1076	4926	1336	3.6871
WP_041677085.1	291	1416	406	3.4877
WP_041677097.1	109	561	152	3.6908
WP_041677108.1	824	4059	1144	3.5481
WP_041677110.1	426	2177	606	3.5924
WP_041677114.1	158	820	225	3.6444
WP_041677117.1	1099	5506	1508	3.6512
WP_041677121.1	208	1066	304	3.5066
WP_049749325.1	271	1472	398	3.6985
WP_049749330.1	143	692	201	3.4428
WP_049749333.1	59	326	89	3.6629
WP_049749348.1	99	472	134	3.5224
WP_049749350.1	184	910	269	3.3829
WP_049749354.1	318	1590	441	3.6054
WP_050738277.1	110	590	170	3.4706
WP_050738278.1	336	1685	521	3.2342
WP_050738279.1	236	1131	333	3.3964
WP_050738280.1	411	1978	516	3.8333
WP_050738281.1	62	338	85	3.9765
WP_050738282.1	113	570	159	3.5849
WP_050738283.1	184	914	268	3.4104
WP_050738285.1	136	710	181	3.9227
WP_050738286.1	307	1530	395	3.8734
WP_050738287.1	144	651	177	3.6780
WP_050738288.1	144	652	177	3.6836
WP_050738289.1	255	1263	328	3.8506
WP_050738290.1	387	1942	537	3.6164
WP_050738291.1	378	1956	571	3.4256
WP_050738292.1	272	1277	368	3.4701
WP_050738293.1	550	2637	772	3.4158
WP_050738294.1	361	1765	523	3.3748
WP_050738295.1	1025	5198	1434	3.6248
WP_050738297.1	245	1268	367	3.4550
WP_050738298.1	299	1431	409	3.4988
WP_050738301.1	267	1314	339	3.8761
WP_070105206.1	721	3439	936	3.6741
WP_070105209.1	977	4818	1372	3.5117
WP_071818109.1	242	1149	320	3.5906
WP_071818110.1	39	200	44	4.5455
WP_071818111.1	418	1942	567	3.4250
WP_071818112.1	72	365	101	3.6139
WP_071818114.1	58	288	77	3.7403
WP_071818116.1	242	1172	326	3.5951
WP_071818119.1	75	386	107	3.6075
WP_081422165.1	261	1250	348	3.5920
WP_081422166.1	160	756	251	3.0120
WP_081422168.1	110	558	167	3.3413
WP_081422170.1	210	1068	308	3.4675
WP_081422172.1	87	456	124	3.6774
WP_081422176.1	582	2950	806	3.6600
WP_081422179.1	61	318	96	3.3125
WP_081422181.1	61	319	82	3.8902
WP_081422182.1	524	2572	674	3.8160
WP_081422183.1	384	1954	563	3.4707
WP_081422186.1	96	466	141	3.3050
WP_126146592.1	183	916	254	3.6063
WP_126146781.1	65	362	101	3.5842
WP_126147177.1	176	919	236	3.8941
WP_126147814.1	100	490	130	3.7692
WP_126147825.1	153	784	205	3.8244
WP_126147952.1	100	479	133	3.6015
WP_126148003.1	45	224	72	3.1111
WP_126148055.1	195	864	239	3.6151
WP_126148198.1	92	436	110	3.9636
WP_126148199.1	96	436	114	3.8246
WP_126148201.1	82	355	95	3.7368
WP_152034137.1	76	374	121	3.0909
WP_155813833.1	53	271	66	4.1061
WP_155813835.1	231	1207	345	3.4986
WP_155813841.1	54	242	65	3.7231
WP_155813843.1	261	1309	371	3.5283
WP_155813847.1	314	1550	444	3.4910
WP_155813849.1	278	1344	378	3.5556
WP_155813855.1	110	567	172	3.2965
WP_155813857.1	51	231	60	3.8500
WP_155813861.1	91	426	113	3.7699
WP_155813863.1	48	252	75	3.3600
WP_155813866.1	53	292	90	3.2444
WP_155813875.1	820	4043	1179	3.4292
WP_155813880.1	58	281	79	3.5570
WP_155813882.1	165	872	225	3.8756
WP_155813884.1	58	298	77	3.8701
WP_155813886.1	534	2633	769	3.4239
WP_155813888.1	323	1538	437	3.5195
WP_155813891.1	61	331	84	3.9405
WP_155813897.1	373	1875	519	3.6127
WP_155813899.1	45	211	53	3.9811
WP_155813902.1	78	409	96	4.2604
WP_155813906.1	671	3220	943	3.4146
WP_155813907.1	45	228	59	3.8644
WP_155813908.1	368	1932	523	3.6941
WP_155813912.1	48	249	67	3.7164
WP_155813913.1	1229	5802	1652	3.5121
WP_155813914.1	266	1367	410	3.3341
WP_155813915.1	192	975	273	3.5714
WP_155813916.1	53	275	70	3.9286
WP_155813919.1	81	386	110	3.5091
WP_155813921.1	55	286	73	3.9178
WP_155813922.1	49	224	75	2.9867
WP_155813923.1	51	245	60	4.0833
WP_155813925.1	59	260	78	3.3333
WP_155813926.1	236	1202	372	3.2312
WP_155813930.1	49	245	67	3.6567
WP_155813932.1	50	231	65	3.5538
WP_155813933.1	88	445	121	3.6777
WP_155813934.1	50	242	70	3.4571
WP_155813936.1	82	386	101	3.8218
WP_155813937.1	147	706	192	3.6771
WP_155813938.1	473	2420	677	3.5746
WP_155813939.1	681	3544	969	3.6574
WP_155813940.1	258	1252	352	3.5568
WP_155813941.1	263	1249	338	3.6953
WP_155813943.1	449	2155	655	3.2901
WP_155813944.1	670	3305	939	3.5197
WP_155813945.1	307	1483	442	3.3552
WP_155813974.1	59	280	76	3.6842
WP_161565872.1	547	2712	775	3.4994
WP_162010010.1	46	214	66	3.2424
WP_162010011.1	69	319	95	3.3579
WP_162010013.1	96	449	136	3.3015
WP_162010014.1	49	244	77	3.1688
WP_162010015.1	153	776	212	3.6604
WP_162010016.1	741	3799	991	3.8335
WP_162010017.1	315	1472	451	3.2639
WP_162010018.1	137	698	194	3.5979
WP_162010019.1	167	773	199	3.8844
WP_162010020.1	153	784	221	3.5475
WP_162010021.1	566	3009	764	3.9385
WP_162010022.1	594	3003	852	3.5246
WP_162010023.1	273	1463	407	3.5946
WP_162010024.1	338	1686	466	3.6180
WP_162010025.1	94	470	130	3.6154
WP_162010026.1	166	894	217	4.1198
WP_162010027.1	250	1307	391	3.3427
WP_162010028.1	823	4175	1108	3.7681
WP_162010029.1	1221	6385	1625	3.9292
WP_162010030.1	360	1747	470	3.7170
WP_162010031.1	248	1198	356	3.3652
WP_162010032.1	216	1068	282	3.7872
