-6 1
-2 2
0 1
4 1
6 3
7 2
9 1
10 1
11 2
12 1
13 5
14 3
15 5
16 6
17 5
18 5
19 4
20 3
21 6
22 8
23 8
24 8
25 7
26 10
27 10
28 8
29 10
30 9
31 13
32 15
33 17
34 18
35 15
36 20
37 17
38 16
39 16
40 20
41 18
42 19
43 17
44 20
45 19
46 25
47 28
48 16
49 27
50 23
51 25
52 19
53 25
54 21
55 17
56 16
57 26
58 20
59 23
60 21
61 15
62 16
63 16
64 17
65 6
66 17
67 11
68 8
69 9
70 16
71 10
72 10
73 6
74 11
75 5
76 10
77 12
78 5
79 7
80 6
81 9
82 9
83 4
84 7
85 3
86 4
88 4
89 3
90 2
91 1
92 2
93 2
94 1
96 2
97 2
98 2
99 2
101 1

