Year	Total GDP__current dollars	World Biocapacity__gha	Population__thousands	Pop-weighted GDP percapita__current USD percapita	Uncounted population - no attendant GDP data__thousands	Quadrant 1-HR Population__thousands	Quadrant 1-HR  population share__pct	Quadrant 2-LR Population__thousands	Quadrant 2-LR population share__pct	Quadrant 3-LD Population__thousands	Quadrant 3-LD population share__pct	Quadrant 4-HD Population__thousands	Quadrant 4-HD Population share__pct	Quadrant 1-HR Income__Billion current dollars	Quadrant 2-LR Income__Billion current dollars	Quadrant 3-LD Income__Billion current dollars	Quadrant 4-HD Income__Billion current dollars	Uncounted footprint  - no attendant GDP data__gha	Quadrant 1-HR Footprint__gha	Quadrant 2-LR Footprint__gha	Quadrant 3-LD Footprint__gha	Quadrant 4-HD Footprint__gha	Quadrant 1-HR Biocapacity__gha	Quadrant 2-LR Biocapacity__gha	Quadrant 3-LD Biocapacity__gha	Quadrant 4-HD Biocapacity__gha
# * IMF values begin in 1980
1980	10764098000000	10338984372	4421272	2434.62	541652	144466	3	655352	15	2265225	51	814577	18	1134.43	649.99	1035.47	7944.22	2149187026	739341971	1119172030	2662750062	5180738353	1702263871	3591593831	1572934687	1848598232
1981	11212622000000	10453134119	4513176	2484.42	549987	131037	3	687143	15	2270161	50	874848	19	1126.89	714.31	966.16	8405.26	2111413709	724217009	1136138761	2645401884	5097104474	1535138372	3798950847	1571481069	1950321626
1982	11007959000000	10552551872	4607866	2388.95	572666	123230	3	713659	15	2291406	50	906905	20	994.42	758.32	935.72	8319.49	2159222666	678998309	1170925006	2610136396	5112372114	1492564634	3836192371	1561645027	2025319010
1983	11307226000000	10522100785	4690327	2410.75	581445	122190	3	630056	13	2537660	54	818975	17	1000.17	576.65	1342.08	8388.33	2165946861	647792547	1024022806	3176966926	4716567546	1470646118	3702082040	1980685574	1723637683
1984	11707780000000	10678217751	4776414	2451.17	590435	113287	2	715285	15	2488098	52	869308	18	1002.32	644.29	1224.53	8836.64	2181120081	651640832	1133064122	3166386910	5069075437	1453030188	3801615795	1861127872	1945844456
1985	12259782000000	10719787308	4863468	2520.79	599448	115198	2	680122	14	2568515	53	900185	19	977.90	643.50	1231.49	9406.89	2228440125	651335294	1091219133	3214001147	5206353178	1449280726	3753038890	1896272851	1978048946
1986	14455194000000	10749595404	4953134	2918.39	601044	114679	2	644610	13	2794729	56	798072	16	1081.16	681.89	1570.86	11121.29	2254148384	673099210	1116334021	3623596828	4992293748	1448184180	3747720334	2143125851	1758394440
1987	16609115000000	10797504439	5044860	3292.28	610519	97994	2	669103	13	2820639	56	846605	17	1183.63	764.24	1635.21	13026.04	2313459968	608539775	1191600179	3684284979	5231132889	1354668395	3837676307	2142589151	1805781494
1988	18676162000000	10733993216	5137519	3635.25	620130	95101	2	684099	13	2871204	56	866986	17	1292.91	837.97	1764.70	14780.58	2280775262	583568656	1221619680	3757947755	5401650555	1304874601	3848339473	2138170975	1800311913
1989	19635581000000	10859697636	5229451	3754.81	629738	68368	1	723908	14	2938756	56	868682	17	1373.81	1064.59	1902.97	15294.21	2313471205	561791782	1345801346	3879985081	5514733673	1133498058	4062844138	2182339179	1818449687
1990	22105795000000	10993384603	5319472	4155.64	518288	101952	2	790887	15	3041531	57	866813	16	1660.44	1038.00	2073.90	17333.45	2145186960	629594898	1323084890	4030276500	5579139666	1365292172	3932320198	2299128431	1833626563
1991	23093989000000	10936870553	5407151	4271.01	523644	103270	2	735042	14	3171491	59	873703	16	1728.09	1020.15	2077.15	18268.60	2057328414	599693136	1318269014	4169878182	5545658485	1362698498	3876384813	2365402756	1823758760
1992	24719096000000	11106217551	5479930	4510.84	235752	104581	2	822469	15	3492909	64	824219	15	1750.76	1069.96	2477.55	19420.82	433192193	610299021	1430827228	5937350080	5545184817	1374078171	3993406212	3590747241	1811805073
1993	25407352000000	11077018117	5563539	4566.76	177414	109044	2	903790	16	3452498	62	920792	17	1650.95	1294.33	2315.15	20146.93	322338345	638022527	2237044753	4997762328	5682974998	1413450717	4856946903	2661743280	1881527834
1994	27318823000000	11183019867	5645779	4838.81	180872	106805	2	915331	16	3511814	62	930957	16	1743.86	1547.04	2397.13	21630.79	318871621	617767515	2129049906	5070476515	5987067801	1355733710	4874472055	2681696550	1976109511
1995	30479362000000	11143833077	5726758	5322.27	169815	107904	2	866060	15	3727639	65	855339	15	1902.33	1808.56	3377.67	23390.80	250617664	665951272	2075440036	5704899358	5744672419	1375026373	4724060677	2997062090	1792996217
1996	31297214000000	11286530110	5814492	5382.62	169355	108952	2	919128	16	3755817	65	861240	15	2029.47	2038.86	3774.39	23454.50	250497748	678511760	2102788905	5827568932	5892243528	1389900597	4769000364	3021014272	1855418723
1997	31163405000000	11329837206	5893256	5287.98	172647	124651	2	875997	15	3852882	65	867080	15	2132.68	2060.04	4003.24	22967.44	259941552	718685627	2053933988	5945175894	6016283354	1440558129	4701701565	3065465850	1871505267
1998	31047593000000	11374053656	5971351	5199.43	108783	125821	2	966373	16	3889861	65	880513	15	2061.44	1751.77	4069.86	23164.53	173958730	738342726	2072909059	5960662978	6061879873	1463423257	4775050186	3063775300	1901253901
1999	32158460000000	11410991949	6051066	5314.51	110881	111910	2	973664	16	3870399	64	984212	16	2052.82	1520.41	3613.20	24972.04	169437488	689339393	2135164959	5720900211	6416447134	1410156329	4843517269	2961839710	2027455986
2000	33217263000000	11467418182	6129534	5419.21	109383	112906	2	780184	13	4071083	66	1055979	17	2090.46	1500.63	3721.63	25904.54	166714938	703127970	1918865871	5962192941	6651931570	1411482735	4632117116	3174577073	2098779429
2001	32988164000000	11525244297	6207825	5313.96	111701	113924	2	1005140	16	3979695	64	997365	16	2028.96	1625.20	3966.98	25367.04	176544638	689687359	2241005081	6014177827	6529207826	1395770310	4941780646	3012040310	2018575462
2002	34104210000000	11549588342	6286472	5425.02	92214	73749	1	836191	13	4270397	68	1013921	16	1850.92	1554.24	4216.80	26482.25	163108085	576646130	2079800461	6495527332	6538377871	1105030887	4950284201	3308611580	2040237474
2003	38357563000000	11538191036	6365634	6025.73	93718	74411	1	830307	13	4338970	68	1028227	16	2252.47	1721.20	4867.20	29516.71	168126013	605378758	2071386372	6919181667	6635807542	1094518271	4874685406	3357566454	2065857916
2004	43206308000000	11681965057	6450043	6698.61	95234	77220	1	825734	13	4417144	68	1034710	16	2650.28	2049.56	5864.06	32642.41	173612743	636906569	2014885727	7467302853	6815181643	1114749981	4796256720	3498193885	2126020505
2005	46802764000000	11663778548	6530697	7166.58	96751	80286	1	822219	13	4356900	67	1174540	18	2966.89	2582.88	5897.87	35355.12	176932635	683900704	1996232831	7399881820	7378444096	1132907527	4763104504	3286197597	2336346390
2006	50716069000000	11719050093	6612238	7670.03	88476	81154	1	834248	13	4423981	67	1184378	18	3245.89	3191.45	7011.92	37266.81	148084469	644920994	2065650994	7801510078	7475351443	1133382937	4773963895	3368814222	2310848327
2007	57250204000000	11753579847	6694657	8551.63	90031	225245	3	658620	10	4526165	68	1194596	18	5164.60	2409.57	9010.89	40665.15	142690036	1437634762	1251751936	8273056065	7547242400	2070870763	3724554823	3494489399	2332621277
2008	62810363000000	11887705493	6777855	9267.00	91598	227702	3	669687	10	4534976	67	1253892	18	5890.77	2932.99	10331.71	43654.90	145056182	1460354022	1315796926	8372528071	7561276945	2150515298	3698802285	3413349723	2494456565
2009	59474135000000	11845046061	6861655	8667.61	93194	247366	4	679826	10	4764711	69	1076558	16	5144.87	2834.99	12185.55	39308.73	140856145	1406276402	1275431119	9264390670	6453346687	2185974160	3659355272	3701919850	2166651067
2010	65009676000000	11928087787	6945921	9359.40	94830	469612	6.8	453133	6.5	4792049	69	1136296	16	8553.31	972.59	14129.43	41354.35	141440633	2111013379	670414920	9673609116	6905654874	4135367980	1650343279	3718658358	2296119044
2011	72215390000000	11972794342	7030597	10271.59	59356	474712	6.8	480780	6.8	4832752	69	1182998	17	10135.60	1111.04	16232.42	44736.33	101034672	2243908557	702032829	9806906463	6931825492	4232642739	1617997872	3674463892	2383144550
2012	73552967000000	11907564214	7115592	10336.87	59086	480206	6.7	493393	6.9	4885822	69	1197085	17	10298.15	1218.22	17326.63	44709.97	94459781	2178686873	716471636	10004222338	6755583888	4154082199	1655095861	3676580476	2357804379
2013	75574856000000	12081215837	7200662	10495.54	58650	483668	6.7	491505	6.8	4994049	69	1172790	16	10479.28	1284.54	19006.37	44804.67	85225407	2226470110	734055496	10351175039	6720147294	4193289071	1654108584	3846215880	2324770914
2014	77576789000000	12142083240	7285509	10648.09	58217	487061	7	522574	7	5037938	69	1179720	16	10064.09	1524.54	20011.58	45976.59	80221087	2179339212	821202406	10455522886	6698731925	4192356696	1708345699	3827329365	2354637273
2015	73291680000000	12162938784	7369871	9944.77	57913	140498	2	892219	12	5123414	70	1155828	16	4878.59	4392.04	20720.35	43300.70	76556494	778149433	2166732743	10567253202	6537958847	1443012722	4507559717	3868636091	2283532797
2016	74329772000000	12182364463	7454625	9970.96	57786	140672	1.9	887168	11.9	5224860	70	1144141	15	4805.36	4428.71	20865.98	44229.72	75617503	772588652	2129699102	10741379613	6452715647	1434997720	4460672324	3992621017	2234971013
2017	78248606000000	12320735046	7537745	10380.90	57773	142001	2	900607	12	5367984	71	1069380	14	5220.97	4973.49	23132.25	44921.89	73173901	799413750	2205234140	11460581993	6266648627	1468783646	4516567724	4176179043	2100402794
