Country	country_code	area	total_Average_MHQ_Score	total_pct_Distressed	total_pct_Struggling	total_pct_Enduring	total_pct_Managing	total_pct_Succeeding	total_pct_Thriving	total_Average_Cognition_Score	total_Average_Adaptability_et_Resilence_Score	total_Average_Drive_et_Motivation_Score	total_Average_Mood_et_Outlook_Score	total_Average_Social_Self_Score	total_Average_Mind-Body_Connection_Score	total_Sample_Size	f_Average_MHQ_Score	f_pct_Distressed	f_pct_Struggling	f_pct_Enduring	f_pct_Managing	f_pct_Succeeding	f_pct_Thriving	f_Average_Cognition_Score	f_Average_Adaptability_&_Resilence_Score	f_Average_Drive_&_Motivation_Score	f_Average_Mood_&_Outlook_Score	f_Average_Social_Self_Score	f_Average_Mind-Body_Connection_Score	f_Sample_Size	m_Average_MHQ_Score	m_pct_Distressed	m_pct_Struggling	m_pct_Enduring	m_pct_Managing	m_pct_Succeeding	m_pct_Thriving	m_Average_Cognition_Score	m_Average_Adaptability_&_Resilence_Score	m_Average_Drive_&_Motivation_Score	m_Average_Mood_&_Outlook_Score	m_Average_Social_Selm_Score	m_Average_Mind-Body_Connection_Score	m_Sample_Size
Algeria	DZA	Middle East and North Africa	63.76	4.22	20.30	15.00	25.13	27.24	8.12	73.22	85.37	76.79	64.12	70.19	69.90	11831	61.87	4.21	20.92	15.41	24.86	27.68	6.92	72.56	89.12	73.69	61.16	71.02	61.29	6391	65.63	4.24	19.68	14.59	25.39	26.80	9.30	73.88	81.66	79.86	67.04	69.36	78.44	5440
Angola	AGO	Sub-Saharan Africa	64.27	5.31	21.57	14.23	20.62	26.81	11.48	74.21	87.33	85.65	65.92	71.83	72.97	4686	52.64	7.27	25.87	15.40	18.93	22.56	9.97	66.20	85.55	75.29	52.74	62.11	59.02	2538	76.51	3.24	17.03	12.99	22.39	31.28	13.08	82.64	89.20	96.57	79.81	82.07	87.65	2148
Argentina	ARG	Latin America and Caribbean	70.83	4.89	19.50	12.85	19.84	29.00	13.92	86.87	89.79	89.22	68.14	70.92	78.26	17872	67.90	5.63	20.77	12.36	19.77	27.87	13.60	85.80	90.46	86.45	64.61	71.15	69.32	10120	74.01	4.08	18.13	13.39	19.91	30.23	14.26	88.05	89.06	92.23	71.98	70.66	87.98	7752
Armenia	ARM	Eastern Europe and Central Asia	79.59	2.89	15.65	11.87	24.83	34.51	10.26	94.94	104.22	96.06	75.94	75.04	82.49	723	79.92	3.73	16.80	9.17	25.26	32.25	12.79	93.59	102.68	92.57	75.89	82.45	74.35	557	79.19	1.85	14.24	15.14	24.31	37.27	7.18	96.57	106.09	100.31	76.00	66.01	92.39	166
Australia	AUS	Oceania	53.58	6.71	26.16	15.03	20.44	20.98	10.68	70.09	69.78	66.01	53.69	53.45	61.84	4462	53.57	6.87	26.42	13.63	21.48	20.91	10.69	70.60	71.53	64.53	52.96	57.46	55.30	2190	53.59	6.53	25.90	16.47	19.36	21.06	10.67	69.56	67.98	67.53	54.43	49.35	68.54	2272
Azerbaijan	AZE	Eastern Europe and Central Asia	61.98	3.25	15.34	22.48	25.55	27.52	5.87	72.47	76.32	70.19	60.54	68.52	65.86	438	67.22	1.58	19.53	12.74	31.87	29.19	5.09	82.27	85.01	75.47	64.61	70.06	62.71	341	57.12	4.79	11.46	31.49	19.70	25.98	6.58	63.40	68.28	65.29	56.78	67.10	68.77	97
Bangladesh	BGD	South Asia	61.69	5.24	21.00	15.40	23.38	26.84	8.15	73.15	86.69	79.94	61.24	63.71	69.87	3075	54.53	6.58	23.88	15.88	21.10	26.33	6.24	69.33	85.40	71.60	52.95	59.30	58.19	1745	69.84	3.71	17.71	14.85	25.98	27.42	10.33	77.50	88.16	89.42	70.69	68.73	83.17	1330
Belarus	BLR	Eastern Europe and Central Asia	64.51	2.97	20.47	12.59	31.32	26.30	6.35	79.68	88.51	79.63	61.11	67.02	65.38	614	63.69	3.79	18.96	14.46	30.95	24.50	7.33	77.15	89.23	72.86	60.96	70.79	57.08	470	65.50	1.98	22.28	10.35	31.77	28.46	5.16	82.72	87.63	87.77	61.29	62.49	75.35	144
Belgium	BLG	Western Europe	64.04	4.64	19.92	15.47	22.86	28.87	8.24	81.59	84.91	81.09	62.71	60.33	70.01	1757	56.82	6.46	20.69	15.39	25.67	25.97	5.83	76.43	81.36	73.83	54.56	56.33	61.20	774	71.53	2.75	19.12	15.56	19.95	31.88	10.74	86.94	88.59	88.62	71.17	64.48	79.15	983
Bolivia	BOL	Latin America and Caribbean	60.10	6.67	23.06	13.94	18.93	26.45	10.95	74.05	88.54	80.57	59.92	57.73	72.61	3086	54.12	8.01	25.42	13.43	18.19	24.48	10.47	70.56	88.23	73.68	53.68	53.91	62.31	1758	66.16	5.32	20.66	14.45	19.69	28.45	11.43	77.58	88.85	87.55	66.25	61.61	83.04	1328
Brazil	BRA	Latin America and Caribbean	52.97	8.46	25.52	14.44	18.28	21.84	11.46	68.19	81.18	76.21	52.03	59.60	60.93	19414	42.79	11.02	28.48	14.16	17.61	19.43	9.30	58.94	77.42	65.52	42.82	54.95	43.73	11230	63.79	5.74	22.36	14.75	18.99	24.39	13.76	78.01	85.17	87.57	61.82	64.53	79.21	8184
Cameroon	CMR	Sub-Saharan Africa	67.32	2.83	18.58	14.68	28.41	29.64	5.86	75.92	87.73	82.76	69.16	68.34	77.58	1699	62.64	3.13	21.54	13.98	28.63	27.55	5.17	74.60	89.24	76.54	61.91	63.70	70.22	914	72.13	2.53	15.55	15.40	28.18	31.78	6.56	77.28	86.18	89.15	76.61	73.11	85.15	785
Canada	CAN	North America	67.47	4.31	21.31	13.72	21.18	26.91	12.58	83.49	79.78	78.13	65.56	66.93	71.59	5980	66.39	4.59	21.75	13.20	21.22	27.19	12.06	82.86	81.78	75.75	63.55	69.10	65.73	3116	68.58	4.02	20.85	14.25	21.13	26.63	13.11	84.13	77.71	80.57	67.62	64.71	77.64	2864
Chile	CHL	Latin America and Caribbean	68.44	4.80	20.04	13.87	21.76	25.92	13.62	81.18	87.82	86.16	68.43	71.08	71.36	4898	61.89	4.95	21.60	17.25	21.78	23.27	11.16	76.35	85.87	81.00	61.45	68.75	58.75	3189	75.30	4.64	18.42	10.32	21.73	28.71	16.19	86.24	89.86	91.56	75.74	73.52	84.57	1709
Colombia	COL	Latin America and Caribbean	76.66	5.78	18.88	11.83	16.31	25.96	21.24	88.88	98.73	93.74	75.86	77.52	87.11	11992	74.10	6.37	19.42	11.90	16.08	25.79	20.44	87.25	100.52	89.43	72.71	77.94	77.74	6567	79.38	5.14	18.30	11.77	16.56	26.15	22.09	90.63	96.82	98.35	79.22	77.07	97.12	5425
Costa Rica	CRI	Middle East and North Africa	81.06	5.86	15.50	12.19	16.32	28.38	21.75	94.17	103.47	98.36	79.08	83.23	85.54	1440	70.04	8.87	17.49	13.18	15.00	26.19	19.27	83.76	97.46	85.81	69.70	77.42	69.76	718	92.17	2.83	13.49	11.20	17.65	30.58	24.24	104.67	109.53	111.01	88.53	89.09	101.43	722
Cote d'Ivoire	CIV	Sub-Saharan Africa	68.56	3.17	17.71	15.20	25.67	30.61	7.65	76.55	90.02	84.20	71.48	71.51	76.66	1490	57.90	4.15	22.20	16.45	24.56	27.75	4.89	70.63	89.14	73.17	58.32	60.22	64.22	625	78.97	2.20	13.33	13.98	26.75	33.39	10.34	82.32	90.87	94.97	84.32	82.54	88.80	865
Democratic Republic of the Congo	COD	Sub-Saharan Africa	71.36	2.85	19.18	13.27	23.63	31.73	9.33	81.01	94.04	92.36	73.40	70.67	82.51	1542	66.13	3.18	21.17	14.17	24.88	28.95	7.65	78.63	93.13	85.27	66.30	66.34	74.57	715	76.70	2.51	17.16	12.36	22.36	34.56	11.05	83.43	94.97	99.59	80.64	75.08	90.60	827
Dominican Republic	DOM	Sub-Saharan Africa	90.83	4.09	14.99	8.48	16.92	30.68	24.84	101.29	110.01	107.66	90.58	94.30	93.76	2106	85.56	5.30	17.74	8.37	13.81	30.15	24.63	100.42	109.02	103.45	84.40	89.83	83.71	1096	96.22	2.85	12.18	8.60	20.11	31.21	25.05	102.17	111.03	111.97	96.89	98.89	104.03	1010
Ecuador	ECU	Latin America and Caribbean	73.81	6.22	19.31	11.49	17.11	26.65	19.22	87.93	100.45	94.74	72.66	70.91	83.42	2902	66.90	7.49	22.36	10.31	16.65	25.74	17.45	83.50	98.21	87.77	65.72	65.71	72.34	1534	80.86	4.92	16.20	12.69	17.58	27.58	21.03	92.46	102.73	101.84	79.73	76.22	94.72	1368
Egypt	EGY	Middle East and North Africa	54.94	6.11	23.59	16.18	22.74	23.61	7.77	68.70	80.02	71.86	53.74	63.71	57.48	25761	48.84	6.27	25.93	17.03	23.51	21.86	5.40	63.58	80.35	63.37	47.15	60.80	45.32	12947	61.06	5.94	21.24	15.33	21.98	25.36	10.16	73.84	79.69	80.38	60.36	66.64	69.67	12814
El Salvador	SLV	Latin America and Caribbean	82.85	4.62	17.91	10.35	15.74	27.23	24.15	94.70	109.45	103.05	82.37	84.18	87.44	1982	76.03	6.39	18.60	11.10	15.12	25.98	22.81	90.32	107.79	95.50	75.19	81.84	73.63	819	89.39	2.93	17.26	9.62	16.34	28.42	25.43	98.90	111.03	110.28	89.24	86.42	100.65	1163
France	FRA	Western Europe	68.77	4.07	17.85	14.00	24.80	31.17	8.10	82.42	88.09	83.15	67.73	65.18	75.39	10527	65.86	4.49	18.86	13.85	24.88	30.61	7.31	79.95	87.61	80.13	64.47	64.76	68.73	7116	71.96	3.61	16.74	14.17	24.73	31.78	8.97	85.13	88.63	86.46	71.31	65.64	82.71	3411
Georgia	GEO	Eastern Europe and Central Asia	78.10	2.55	14.46	9.30	34.57	30.94	8.17	88.57	98.23	92.76	76.86	81.78	77.06	522	74.67	3.62	13.14	10.93	37.58	27.57	7.15	83.18	98.70	89.14	73.79	82.75	69.25	362	83.06	1.01	16.38	6.93	30.21	35.82	9.65	96.38	97.56	97.99	81.30	80.38	88.37	160
Germany	DEU	Western Europe	60.60	4.37	22.37	15.99	22.52	25.86	8.89	80.97	74.56	71.65	57.84	62.40	60.83	6468	58.58	4.42	23.41	16.00	22.29	25.60	8.27	80.60	74.19	69.45	54.46	64.47	53.55	3207	62.71	4.33	21.29	15.98	22.75	26.12	9.54	81.36	74.94	73.94	61.35	60.25	68.42	3261
Guatemala	GTM	Latin America and Caribbean	70.12	6.24	18.81	13.68	19.72	24.67	16.87	82.33	97.35	90.90	70.31	69.80	79.52	3401	61.33	7.38	22.16	13.65	19.19	23.71	13.92	77.69	95.12	81.89	60.26	61.67	66.48	1782	79.70	5.00	15.17	13.71	20.31	25.72	20.09	87.37	99.77	100.71	81.25	78.66	93.72	1619
Honduras	HND	Latin America and Caribbean	80.05	4.47	17.35	12.07	17.62	27.97	20.51	88.72	102.46	99.15	80.12	84.18	85.44	2451	69.34	5.91	20.31	13.92	18.21	24.75	16.89	80.74	98.87	88.04	68.55	76.33	68.07	1158	89.20	3.24	14.82	10.49	17.13	30.72	23.60	95.53	105.53	108.64	90.02	90.90	100.29	1293
India	IND	South Asia	58.71	7.21	23.20	13.83	19.91	24.23	11.61	70.46	84.55	81.70	59.87	60.53	74.00	46982	56.10	8.22	23.89	13.37	18.92	24.61	10.99	71.24	87.95	76.97	55.07	59.51	65.59	22361	61.15	6.27	22.55	14.26	20.84	23.88	12.20	69.73	81.37	86.12	64.35	61.49	81.85	24621
Iraq	IRQ	Middle East and North Africa	55.79	6.57	22.14	15.95	24.04	23.14	8.16	68.20	79.46	72.69	55.71	63.38	61.97	7011	51.04	6.94	23.27	17.10	24.28	22.55	5.86	63.73	79.47	66.16	50.76	61.99	51.54	4004	60.54	6.21	21.00	14.81	23.80	23.73	10.45	72.66	79.45	79.22	60.66	64.78	72.40	3007
Ireland	IRL	Western Europe	55.22	5.20	26.01	14.80	23.49	20.09	10.42	72.25	69.81	66.27	54.88	55.03	61.02	1771	53.61	6.17	25.60	15.23	24.30	19.11	9.58	70.92	70.90	61.79	53.26	57.17	52.62	989	56.88	4.18	26.42	14.34	22.66	21.11	11.28	73.62	68.68	70.92	56.55	52.82	69.71	782
Israel	ISR	Middle East and North Africa	76.77	3.13	16.47	13.21	21.45	32.17	13.56	89.30	89.66	86.08	77.05	76.28	77.13	967	71.45	4.42	18.36	12.58	24.19	27.58	12.86	86.68	87.89	81.69	69.61	74.69	67.36	728	82.31	1.80	14.51	13.86	18.61	36.95	14.28	92.03	91.49	90.65	84.78	77.93	87.29	239
Italy	ITA	Western Europe	80.58	2.76	14.25	12.38	24.66	33.28	12.68	90.58	101.60	91.04	78.42	81.11	83.43	9617	81.44	2.18	13.92	12.19	26.02	33.54	12.14	90.60	103.76	89.13	78.67	86.55	78.81	5576	79.65	3.39	14.60	12.58	23.20	32.99	13.25	90.56	99.27	93.09	78.15	75.25	88.39	4041
Jordan	JOR	Middle East and North Africa	68.05	4.74	18.64	14.85	22.72	27.93	11.12	79.56	92.70	84.53	65.74	75.01	72.39	8755	66.29	4.73	19.31	14.42	23.77	28.14	9.64	78.73	94.67	80.54	63.07	76.30	65.29	5449	69.77	4.76	17.98	15.28	21.69	27.73	12.57	80.38	90.76	88.44	68.35	73.74	79.36	3306
Kazakhstan	KAZ	Eastern Europe and Central Asia	60.43	4.95	22.29	16.41	22.55	26.52	7.28	76.04	86.00	81.59	59.23	58.32	63.86	265	67.90	4.85	15.88	17.73	23.18	32.28	6.07	83.37	87.68	78.86	65.25	69.85	59.60	203	52.04	5.06	29.50	14.93	21.83	20.04	8.64	67.81	84.11	84.65	52.46	45.36	68.65	62
Kenya	KEN	Sub-Saharan Africa	71.91	4.49	18.13	14.99	19.10	28.40	14.89	84.99	89.37	88.24	69.37	73.78	86.28	1879	67.13	4.25	19.93	15.89	20.64	26.71	12.58	81.29	89.32	79.50	63.11	71.16	78.05	1063	76.86	4.74	16.27	14.05	17.51	30.15	17.29	88.82	89.43	97.30	75.87	76.50	94.81	816
Kyrgyzstan	KGZ	Eastern Europe and Central Asia	59.67	4.12	16.62	23.98	24.22	25.72	5.34	73.10	82.59	75.65	56.90	59.50	66.60	704	56.66	4.01	19.48	20.87	26.55	24.14	4.95	70.23	87.91	73.72	54.64	60.01	54.68	514	62.78	4.24	13.66	27.19	21.80	27.35	5.76	76.07	77.09	77.65	59.22	58.98	78.91	190
Malaysia	MSY	South-East Asia	84.74	2.65	16.52	9.62	17.51	36.14	17.57	93.96	103.76	98.61	83.74	82.96	90.29	1310	88.47	1.58	15.81	10.07	17.32	37.40	17.81	97.03	106.79	98.47	86.75	86.98	93.31	846	80.48	3.86	17.33	9.10	17.73	34.69	17.29	90.48	100.30	98.77	80.31	78.38	86.86	464
Mexico	MEX	Latin America and Caribbean	75.55	6.23	19.85	11.25	16.10	24.71	21.85	88.51	99.20	97.43	75.60	75.09	85.43	24236	70.43	7.55	21.07	11.24	15.76	23.92	20.46	84.98	98.52	91.85	70.10	72.45	75.73	10991	81.10	4.80	18.53	11.27	16.47	25.58	23.36	92.34	99.94	103.49	81.58	77.95	95.96	13245
Morocco	MAR	Middle East and North Africa	63.99	4.24	20.65	15.87	23.06	27.09	9.09	72.78	84.89	75.78	64.84	71.67	70.16	7678	58.60	4.34	22.99	16.59	23.34	25.63	7.10	68.79	86.81	69.07	58.94	69.11	58.36	3900	69.63	4.13	18.19	15.12	22.76	28.62	11.17	76.95	82.88	82.81	71.02	74.34	82.51	3778
Mozambique	MOZ	Sub-Saharan Africa	69.92	4.21	19.48	13.73	21.94	27.87	12.76	79.30	94.66	88.96	71.12	77.62	77.36	4574	59.32	5.35	23.66	14.76	21.67	24.93	9.63	72.21	93.38	79.16	58.76	68.20	63.71	2321	81.86	2.93	14.78	12.57	22.24	31.19	16.29	87.28	96.10	100.00	85.04	88.22	92.74	2253
New Zealand	NZL	Oceania	62.50	8.30	21.27	14.52	18.29	23.60	14.02	79.89	78.04	75.10	62.83	62.54	69.50	1632	63.03	8.56	19.64	13.42	19.69	26.36	12.32	78.88	78.81	71.62	63.23	68.13	63.86	812	61.97	8.03	22.90	15.61	16.89	20.85	15.72	80.89	77.27	78.57	62.44	56.97	75.13	820
Nicaragua	NIC	Latin America and Caribbean	75.48	5.98	17.21	11.92	18.41	28.00	18.47	89.07	98.89	95.49	74.84	78.49	78.55	2725	67.98	6.41	20.08	12.38	18.84	26.99	15.31	84.23	98.05	86.56	66.32	73.17	65.20	1553	83.55	5.53	14.12	11.42	17.96	29.09	21.88	94.27	99.79	105.10	84.01	84.21	92.93	1172
Nigeria	NGA	Sub-Saharan Africa	83.41	3.29	13.77	12.59	21.52	32.78	16.05	89.55	98.28	96.89	83.93	87.25	92.53	7494	77.00	4.30	16.17	12.25	21.91	31.11	14.26	87.78	100.37	89.77	74.32	80.77	83.50	3816	89.76	2.29	11.39	12.92	21.14	34.43	17.83	91.30	96.20	103.94	93.43	93.66	101.46	3678
Pakistan	PAK	South Asia	60.43	6.07	21.47	15.03	21.93	25.95	9.55	71.17	85.97	81.63	60.58	63.87	71.83	18030	55.62	7.15	22.83	15.52	21.64	24.31	8.54	69.39	87.01	76.31	53.84	61.55	60.98	9710	65.03	5.04	20.17	14.57	22.19	27.52	10.51	72.87	84.98	86.72	67.02	66.09	82.19	8320
Panama	PAN	Latin America and Caribbean	84.99	4.09	16.33	11.62	17.10	27.64	23.23	98.92	109.06	103.33	82.00	84.94	90.62	2031	80.58	5.85	16.60	10.44	17.34	28.84	20.94	96.15	107.74	97.08	77.61	84.09	77.83	1148	89.47	2.29	16.06	12.81	16.85	26.43	25.55	101.73	110.39	109.67	86.47	85.80	103.62	883
Paraguay	PRY	Latin America and Caribbean	70.56	5.57	19.11	13.22	19.95	27.17	14.98	84.03	95.84	91.34	69.72	73.57	76.89	3660	61.68	7.46	21.64	13.88	19.01	25.53	12.48	77.39	94.64	82.36	60.70	67.51	62.40	1968	79.21	3.72	16.65	12.58	20.87	28.77	17.42	90.49	97.01	100.09	78.52	79.47	91.00	1692
Peru	PER	Latin America and Caribbean	76.64	5.42	18.44	12.01	17.22	27.49	19.43	87.32	100.68	92.88	76.96	77.05	84.05	6965	70.79	6.17	20.84	11.95	16.91	26.39	17.75	84.20	100.23	87.50	70.48	72.33	73.88	3767	82.60	4.66	15.99	12.06	17.54	28.61	21.14	90.49	101.14	98.37	83.56	81.86	94.40	3198
Philippines	PHL	South-East Asia	78.44	3.68	17.80	12.48	20.26	28.22	17.57	90.20	105.12	98.93	76.29	77.23	85.75	7694	77.57	4.50	17.33	12.78	19.58	28.31	17.50	91.23	108.73	97.24	74.21	77.11	81.67	4990	79.33	2.85	18.27	12.17	20.94	28.13	17.64	89.16	101.45	100.65	78.40	77.35	89.90	2704
Portugal	POR	Western Europe	71.94	3.70	17.84	14.15	23.10	28.40	12.81	82.77	93.31	85.36	70.24	75.27	77.25	2248	67.02	4.00	19.97	15.04	22.43	27.53	11.04	78.76	91.71	80.18	65.84	75.25	66.44	1340	77.59	3.36	15.40	13.13	23.86	29.40	14.84	87.38	95.16	91.30	75.30	75.29	89.68	908
Puerto Rico	PRI	Latin America and Caribbean	80.50	6.95	16.10	9.82	18.20	24.94	24.00	93.51	100.66	95.84	80.21	86.15	78.20	1374	80.48	6.90	16.73	9.82	17.42	26.11	23.02	92.74	101.07	92.90	81.61	89.70	70.43	791	80.52	7.00	15.37	9.81	19.10	23.59	25.13	94.41	100.18	99.26	78.59	82.03	87.21	583
Republic of Moldova	MDA	Eastern Europe and Central Asia	73.77	1.20	18.59	13.11	24.76	33.63	8.70	91.14	98.62	89.54	69.56	69.48	77.16	384	73.81	2.28	15.30	16.25	26.28	30.75	9.14	89.40	103.43	88.30	69.64	72.70	72.37	278	73.73	0.00	22.30	9.58	23.05	36.88	8.20	93.10	93.22	90.94	69.46	65.85	82.55	106
Saudi Arabia	SAU	Middle East and North Africa	67.84	5.34	19.78	13.23	21.92	27.20	12.54	78.22	88.87	82.91	67.36	75.77	72.66	3615	63.18	4.74	21.07	15.38	23.36	26.70	8.76	75.18	88.96	74.91	61.28	74.82	60.01	1830	70.78	5.71	18.96	11.87	21.01	27.52	14.92	80.13	88.81	87.95	71.20	76.37	80.64	1785
Singapore	SGP	South-East Asia	75.83	3.40	18.84	12.07	20.63	31.84	13.22	86.73	94.71	85.11	74.89	70.72	85.81	1236	77.10	3.15	17.93	12.97	20.87	30.30	14.77	88.85	99.19	85.79	75.36	72.84	84.44	679	74.68	3.62	19.67	11.26	20.41	33.23	11.81	84.82	90.65	84.50	74.47	68.80	87.05	557
South Africa	ZAF	Sub-Saharan Africa	50.30	8.00	26.95	14.27	19.49	21.64	9.64	67.93	69.03	70.22	50.14	51.58	60.81	6778	44.33	9.16	28.35	15.14	19.04	20.42	7.89	63.72	67.49	63.27	43.38	48.33	49.08	4198	56.61	6.77	25.47	13.36	19.97	22.93	11.50	72.37	70.65	77.57	57.29	55.01	73.21	2580
Spain	ESP	Western Europe	62.81	5.43	22.07	14.18	21.40	25.76	11.16	75.08	82.11	74.90	61.91	65.57	70.66	11659	59.83	5.62	23.06	14.92	21.23	24.91	10.25	73.15	82.38	71.85	58.31	66.34	63.18	6700	65.97	5.23	21.03	13.40	21.58	26.65	12.12	77.11	81.81	78.13	65.70	64.76	78.55	4959
Sri Lanka	LKA	South Asia	88.63	2.18	12.24	12.29	21.96	33.10	18.23	96.98	106.08	100.94	87.15	87.47	96.90	2245	91.06	2.32	11.37	11.44	21.14	35.03	18.71	100.92	110.73	102.24	88.50	91.94	93.48	1240	85.63	2.00	13.31	13.34	22.98	30.72	17.65	92.11	100.32	99.34	85.48	81.94	101.12	1005
Sudan	SDN	Sub-Saharan Africa	63.97	5.35	18.92	15.12	24.72	25.84	10.05	75.66	80.41	73.03	62.97	72.06	66.41	325	63.57	6.08	18.75	15.05	21.46	29.06	9.60	74.15	81.08	70.38	63.48	77.52	60.99	214	64.39	4.59	19.10	15.19	28.13	22.46	10.53	77.23	79.70	75.82	62.45	66.34	72.09	111
Syria	SYR	Middle East and North Africa	64.27	6.52	19.77	14.88	21.81	26.30	10.72	78.24	88.68	79.25	61.09	70.05	71.11	224	63.61	5.03	21.71	16.98	19.86	27.44	8.99	76.59	88.73	76.06	60.05	75.37	65.51	122	64.94	8.05	17.79	12.74	23.80	25.14	12.49	79.93	88.64	82.50	62.15	64.63	76.81	102
Tajikistan	TJK	Eastern Europe and Central Asia	53.40	5.24	20.89	21.65	28.21	17.66	6.36	67.15	85.88	78.88	51.06	55.63	60.71	285	45.22	10.40	21.16	19.79	29.00	15.31	4.34	64.08	81.58	70.51	41.75	49.75	51.57	186	61.68	0.00	20.61	23.53	27.42	20.03	8.40	70.27	90.24	87.38	60.49	61.59	69.97	99
Tanzania	TZA	Sub-Saharan Africa	88.31	3.82	15.28	10.55	17.82	28.80	23.73	98.24	105.05	105.84	89.52	94.46	92.34	1982	79.81	4.87	17.49	10.68	19.06	29.54	18.36	93.16	104.34	99.66	78.82	87.04	80.17	707	97.11	2.74	13.00	10.41	16.53	28.03	29.31	103.51	105.79	112.25	100.61	102.15	104.96	1275
Trinidad and Tobago	TTO	Latin America and Caribbean	79.11	4.93	15.81	12.45	19.15	28.76	18.90	94.92	96.67	92.11	76.25	79.67	80.79	1821	78.74	5.08	16.56	13.37	16.06	29.81	19.11	94.73	99.41	88.44	74.85	82.19	76.58	1069	79.59	4.73	14.84	11.25	23.15	27.40	18.63	95.17	93.13	96.85	78.06	76.41	86.24	752
Tunisia	TUN	Middle East and North Africa	66.75	4.11	18.48	15.51	24.87	28.63	8.41	76.43	89.51	79.62	66.97	71.28	71.90	3421	63.62	4.15	19.80	15.53	25.61	27.61	7.30	73.06	89.82	75.06	63.95	71.13	64.88	1575	69.97	4.06	17.10	15.49	24.11	29.69	9.55	79.91	89.20	84.33	70.09	71.45	79.15	1846
Ukraine	UKR	Eastern Europe and Central Asia	60.13	4.50	20.41	14.38	29.97	24.18	6.57	76.05	81.68	70.86	58.25	61.57	58.93	2904	56.30	5.82	18.96	17.58	29.81	22.95	4.89	71.43	81.01	66.43	53.28	62.03	50.39	2241	64.80	2.89	22.17	10.48	30.16	25.69	8.61	81.67	82.50	76.24	64.30	61.01	69.32	663
United Arab Emirates	UAE	Middle East and North Africa	67.35	5.40	19.59	13.84	21.62	28.41	11.15	79.86	87.80	83.52	64.94	69.61	77.05	1637	62.11	5.37	21.51	15.42	21.78	26.52	9.40	75.08	91.13	75.35	58.46	70.83	62.42	807	69.29	5.41	18.87	13.25	21.56	29.11	11.80	81.64	86.56	86.56	67.35	69.16	82.48	830
United Kingdom	GBR	Western Europe	49.38	7.84	27.17	15.54	18.97	20.83	9.66	67.54	66.48	59.21	49.18	49.93	56.90	9163	46.60	8.66	27.04	15.76	19.83	20.21	8.50	64.96	66.23	53.74	45.54	51.47	47.91	4719	52.28	6.98	27.30	15.31	18.07	21.48	10.86	70.23	66.74	64.91	52.97	48.32	66.28	4444
United States	USA	North America	71.53	4.86	20.29	13.30	19.41	24.94	17.20	87.47	84.28	82.67	70.73	73.84	70.96	17364	70.48	4.78	20.33	13.74	20.05	24.56	16.54	86.23	84.77	79.55	69.09	76.63	64.45	9611	72.69	4.94	20.24	12.81	18.71	25.37	17.93	88.84	83.74	86.12	72.54	70.74	78.18	7753
Uruguay	URY	Latin America and Caribbean	80.84	3.45	16.92	10.66	20.51	31.16	17.32	94.71	97.56	95.23	79.28	82.03	83.75	3756	75.87	4.46	19.37	10.24	19.35	29.13	17.45	92.63	96.76	92.20	74.42	79.48	72.77	1976	86.35	2.32	14.19	11.12	21.79	33.40	17.17	97.02	98.44	98.58	84.68	84.86	95.93	1780
Uzbekistan	UZB	Eastern Europe and Central Asia	47.80	4.10	27.53	21.64	20.03	22.09	4.62	64.80	74.03	72.85	47.93	46.61	57.81	834	51.80	3.02	26.33	20.97	24.89	19.56	5.23	70.05	84.41	77.10	49.92	51.40	53.42	612	43.66	5.22	28.77	22.33	14.99	24.70	3.99	59.36	63.30	68.47	45.87	41.66	62.35	222
Venezuela	VEN	Latin America and Caribbean	83.03	3.96	15.71	11.55	18.60	30.90	19.29	95.35	104.11	99.74	80.46	84.27	89.34	16138	76.77	5.20	17.42	11.83	18.36	29.85	17.34	91.67	102.16	93.40	73.67	80.31	78.42	8423	89.72	2.64	13.87	11.24	18.85	32.03	21.37	99.29	106.20	106.54	87.73	88.51	101.05	7715
Yemen	YEM	Middle East and North Africa	58.61	4.50	23.03	16.30	23.50	24.74	7.93	67.13	80.41	73.69	61.23	67.45	64.59	8840	53.25	4.92	26.07	15.51	23.61	23.67	6.21	63.56	81.36	66.98	54.75	63.31	56.59	3708	64.00	4.07	19.97	17.10	23.39	25.82	9.65	70.73	79.46	80.42	67.74	71.61	72.64	5132
Zimbabwe	ZWE	Sub-Saharan Africa	74.10	2.67	18.21	13.53	24.34	27.73	13.52	87.50	91.76	88.11	70.66	76.15	83.40	1843	68.55	4.07	19.43	12.65	25.52	26.91	11.41	85.24	92.12	81.23	62.91	72.00	74.10	903	80.77	0.97	16.73	14.58	22.93	28.72	16.07	90.22	91.31	96.38	79.98	81.14	94.59	940
