# Nutrient Content of the US Food Supply 1907-1997
# Table 8: Protein contributed from major food groups to the U.S. food supply, selected years
Year 	Meat	Poultry	Fish	Total meats	Whole milk	Lowfat milk	Cheese 	Other Dairy	Total Dairy	Eggs 	Legumes_nuts_soy	Grain products	Citrus	Non-citrus	Total Fruits	White_potatoes	Dark green deep yellow vegetables	Tomatoes	Other vegetables	Total vegetables	Butter	Margerine	Shortening	Lard and beef tallow 	Edible oils 	Total fats	Sugars and sweeteners	Miscellaneous
1909-19	24.2	3.1	2.3	30.0	9.1	2.5	1.4	1.4	14.5	5.2	4.9	36.7	0.2	0.9	1.1	3.7	0.6	0.5	2.1	6.9	0.2	0.0	0.0	0.0	0900.0	0.2	0.0	0.7
1920-29	24	3.2	2.8	30.1	10.4	2.3	1.7	2.4	16.8	5.8	4.8	32.9	0.2	1.0	1.3	3.3	0.7	0.5	2.5	7.0	0.2	0.0	0.0	0.0	0.0	0.2	0.0	1.1
1930-39	23.3	3.4	2.8	29.4	11	2.1	2	3.6	18.8	5.7	5.7	30.4	0.4	1.0	1.4	3.0	0.8	0.6	2.8	7.1	0.2	0.0	0.0	0.0	0.0	0.2	0.0	1.3
1940-49	25.4	4.3	2.6	32.0	12.4	1.7	2.4	4.7	21.3	6.1	5.7	25.5	0.5	0.9	1.4	2.6	0.7	0.6	2.6	6.5	0.1	0.0	0.0	0.0	0.0	0.2	0.0	1.4
1950-59	26.6	5.0	2.8	34.4	12.5	1.3	3.5	5.6	22.9	6.9	5.4	21.6	0.5	0.8	1.3	2.4	0.5	0.6	2.4	5.9	0.1	0.1	0.0	0.0	0.0	0.2	0.0	1.3
1960-69	27.8	7.2	2.8	37.8	10.8	2.1	4.2	5.2	22.4	6.0	5.4	20.1	0.4	0.7	1.2	2.4	0.4	0.5	2.2	5.6	0.1	0.1	0.0	0.0	0.0	0.2	0.0	1.5
1970	28.4	8.5	3.0	39.9	9.3	2.9	4.7	5.0	21.8	5.6	5.3	18.9	0.5	0.7	1.2	2.5	0.4	0.6	2.2	5.7	0.1	0.1	0.0	0.0	0.0	0.2	0.0	1.5
1971	28.9	8.5	2.9	40.2	9.0	3.0	4.9	4.9	21.8	5.6	5.3	18.7	0.5	0.7	1.2	2.4	0.4	0.7	2.2	5.6	0.1	0.1	0.0	0.0	0.0	0.2	0.0	1.5
1972	28.2	8.8	3.1	40.2	8.7	3.1	5.2	4.6	21.7	5.5	5.7	18.5	0.6	0.6	1.2	2.4	0.4	0.7	2.1	5.5	0.1	0.1	0.0	0.0	0.0	0.2	0.0	1.7
1973	26.5	8.6	3.3	38.3	8.4	3.4	5.4	4.9	22.1	5.3	6.3	19.3	0.6	0.7	1.2	2.4	0.4	0.6	2.2	5.6	0.1	0.1	0.0	0.0	0.0	0.2	0.0	1.6
1974	28.3	8.6	3.1	39.9	7.9	3.4	5.5	4.3	21.1	5.2	5.9	19.4	0.6	0.7	1.2	2.3	0.4	0.6	2.2	5.6	0.0	0.1	0.0	0.0	0.0	0.2	0.0	1.5
1975	26.7	8.5	3.1	38.4	7.9	3.1	5.6	4.0	20.6	5.2	6.6	20.4	0.6	0.7	1.3	2.5	0.4	0.7	2.3	5.9	0.1	0.1	0.0	0.0	0.0	0.2	0.0	1.4
1976	27.1	8.9	3.2	39.2	7.3	3.7	5.8	4.0	20.8	4.8	6.3	20.1	0.6	0.7	1.3	2.4	0.4	0.7	2.2	5.7	0.0	0.1	0.0	0.0	0.0	0.2	0.0	1.5
1977	27.1	9.0	3.2	39.2	7.0	3.9	6.0	3.9	20.9	4.8	6.5	20.1	0.6	0.7	1.3	2.4	0.4	0.7	2.2	5.6	0.0	0.1	0.0	0.0	0.0	0.2	0.0	1.3
1978	26.4	9.4	3.4	39.2	6.9	3.9	6.3	3.9	21.0	5.0	6.3	20.1	0.6	0.7	1.3	2.4	0.4	0.6	2.2	5.5	0.0	0.1	0.0	0.0	0.0	0.2	0.0	1.4
1979	25.4	10.0	3.3	38.6	6.5	4.0	6.4	4.0	20.9	5.0	6.6	20.5	0.6	0.7	1.3	2.4	0.4	0.7	2.2	5.6	0.0	0.1	0.0	0.0	0.0	0.2	0.0	1.4
1980	25.9	10.1	3.2	39.3	6.2	4.1	6.5	3.8	20.7	5.0	6.0	20.6	0.6	0.7	1.3	2.3	0.4	0.7	2.2	5.6	0.0	0.1	0.0	0.0	0.0	0.2	0.0	1.4
1981	25.8	10.4	3.2	39.5	6.0	4.2	6.6	3.5	20.3	4.8	6.3	20.6	0.6	0.7	1.3	2.3	0.4	0.6	2.2	5.6	0.0	0.1	0.0	0.0	0.0	0.2	0.0	1.5
1982	24.9	10.5	3.1	38.4	5.7	4.3	7.2	3.5	20.6	4.8	6.8	20.9	0.6	0.8	1.3	2.3	0.4	0.7	2.1	5.6	0.0	0.1	0.0	0.0	0.0	0.2	0.0	1.5
1983	25.3	10.4	3.3	39.0	5.5	4.3	7.2	3.6	20.6	4.7	6.7	20.5	0.6	0.7	1.4	2.4	0.4	0.6	2.1	5.5	0.1	0.1	0.0	0.0	0.0	0.2	0.0	1.5
1984	25.1	10.6	3.4	39.1	5.3	4.4	7.5	3.7	20.9	4.6	6.2	20.5	0.5	0.8	1.3	2.4	0.4	0.7	2.1	5.5	0.1	0.1	0.0	0.0	0.0	0.2	0.0	1.6
1985	24.6	10.6	3.5	38.7	5.0	4.5	7.6	3.6	20.7	4.4	6.8	21.0	0.5	0.8	1.3	2.3	0.4	0.6	2.0	5.4	0.1	0.1	0.0	0.0	0.0	0.2	0.0	1.6
1986	24.4	10.8	3.5	38.8	4.6	4.7	7.6	3.8	20.7	4.3	6.5	21.2	0.6	0.8	1.3	2.3	0.4	0.6	2.0	5.3	0.0	0.1	0.0	0.0	0.0	0.2	0.0	1.6
1987	23.5	11.6	3.6	38.7	4.4	4.8	7.8	3.7	20.7	4.3	5.9	22.1	0.5	0.8	1.4	2.2	0.4	0.6	1.8	5.1	0.0	0.1	0.0	0.0	0.0	0.2	0.0	1.6
1988	23.5	11.6	3.5	38.6	4.1	4.8	7.6	3.6	20.1	4.1	6.5	22.6	0.6	0.8	1.3	2.2	0.4	0.6	1.8	5.0	0.0	0.1	0.0	0.0	0.0	0.1	0.0	1.6
1989	23.1	12.1	3.7	38.9	3.8	5.2	7.6	3.5	20.0	4.0	6.2	22.6	0.5	0.8	1.3	2.3	0.4	0.7	1.9	5.2	0.0	0.1	0.0	0.0	0.0	0.1	0.0	1.7
1990	22.2	12.4	3.5	38.2	3.5	5.3	7.7	3.8	20.2	3.9	6.1	23.3	0.4	0.8	1.2	2.2	0.4	0.7	1.9	5.2	0.0	0.1	0.0	0.0	0.0	0.2	0.0	1.8
1991	22.0	12.7	3.5	38.2	3.3	5.4	7.7	3.6	19.9	3.8	6.4	23.4	0.5	0.7	1.2	2.2	0.4	0.7	1.9	5.2	0.0	0.1	0.0	0.0	0.0	0.1	0.0	1.8
1992	22.0	13.0	3.4	38.5	3.1	5.3	7.8	3.6	19.8	3.8	6.3	23.4	0.5	0.8	1.2	2.2	0.4	0.6	1.9	5.1	0.0	0.1	0.0	0.0	0.0	0.1	0.0	1.8
1993	21.6	13.4	3.4	38.3	3.0	5.2	7.7	3.5	19.5	3.8	6.1	24.0	0.6	0.8	1.3	2.3	0.4	0.7	1.8	5.2	0.0	0.1	0.0	0.0	0.0	0.2	0.0	1.7
1994	21.7	13.3	3.4	38.4	2.9	5.2	7.7	4.0	19.8	3.8	6.1	23.8	0.5	0.7	1.3	2.3	0.4	0.7	1.9	5.2	0.0	0.1	0.0	0.0	0.0	0.1	0.0	1.5
1995	22.1	13.3	3.4	38.9	2.8	5.2	7.9	3.6	19.5	3.7	6.1	23.8	0.5	0.7	1.3	2.3	0.4	0.7	1.8	5.2	0.0	0.1	0.0	0.0	0.0	0.1	0.0	1.5
1996	21.5	13.5	3.3	38.3	2.7	5.2	7.9	3.7	19.5	3.7	5.9	24.2	0.5	0.7	1.3	2.3	0.5	0.6	1.8	5.3	0.0	0.1	0.0	0.0	0.0	0.1	0.0	1.7
1997	21.2	13.8	3.3	38.3	2.6	5.1	7.9	3.7	19.4	3.7	6.1	24.2	0.6	0.7	1.3	2.3	0.5	0.6	1.8	5.2	0.0	0.1	0.0	0.0	0.0	0.1	0.0	1.6
