# Nutrient Content of the US Food Supply 1907-1997
#Table 10: Saturated fatty acids contributed from major food groups to the U.S. food supply, selected years
Year 	Meat	Poultry	Fish	Total meats	Whole milk	Lowfat milk	Cheese 	Other Dairy	Total Dairy	Eggs 	Legumes_nuts_soy	Grain products	Citrus	Non-citrus	Total Fruits	White_potatoes	Dark green deep yellow vegetables	Tomatoes	Other vegetables	Total vegetables	Butter	Margerine	Shortening	Lard and beef tallow 	Edible oils 	Total fats	Sugars and sweeteners	Miscellaneous
1909-19	30.3	1.0	0.3	31.5	12.5	0.3	2.0	7.1	22.0	2.5	0.9	1.6	0.0	0.2	0.2	0.1	0.0	0.0	0.1	0.2	21.0	1.4	5.9	11.1	1.4	40.7	0.0	0.3
1920-29	27.5	0.9	0.3	28.7	13.0	0.3	2.2	9.2	24.6	2.5	1.3	1.3	0.0	0.2	0.2	0.1	0.0	0.0	0.1	0.2	20.4	1.3	4.8	11.6	2.5	40.7	0.0	0.5
1930-39	25.2	0.9	0.2	26.4	13.0	0.3	2.4	9.7	25.3	2.3	1.5	1.1	0.0	0.2	0.2	0.0	0.0	0.0	0.1	0.2	20.3	1.1	5.9	10.9	4.2	42.3	0.0	0.6
1940-49	29.0	1.3	0.2	30.4	15.4	0.3	2.8	9.3	27.8	2.6	1.6	1.0	0.0	0.2	0.2	0.0	0.0	0.0	0.1	0.2	14.0	1.6	5.3	11.0	3.7	35.5	0.0	0.6
1950-59	30.1	1.5	0.2	31.8	14.7	0.3	3.6	7.6	26.1	2.9	1.9	0.8	0.0	0.2	0.2	0.0	0.0	0.0	0.1	0.2	10.2	3.0	6.8	9.5	6.0	35.5	0.0	0.6
1960-69	32.3	2.3	0.2	34.8	12.5	0.5	4.3	6.2	23.6	2.5	2.0	0.7	0.0	0.2	0.2	0.0	0.0	0.0	0.1	0.2	7.5	3.8	10.0	5.6	8.3	35.3	0.0	0.6
1970	34.4	3.2	0.2	37.8	11.0	1.1	5.0	5.5	22.6	2.5	1.9	0.7	0.0	0.2	0.2	0.1	0.0	0.0	0.1	0.2	6.4	4.2	11.9	4.2	6.8	33.4	0.0	0.7
1971	35.2	3.2	0.2	38.6	10.7	1.1	5.3	5.3	22.4	2.5	2.0	0.7	0.0	0.2	0.2	0.0	0.0	0.0	0.1	0.2	6.1	4.3	11.8	3.9	6.7	32.8	0.0	0.7
1972	34.1	3.3	0.2	37.7	10.4	1.2	5.7	5.3	22.7	2.5	2.1	0.7	0.0	0.2	0.2	0.1	0.0	0.0	0.1	0.2	5.9	4.4	12.3	3.5	7.2	33.2	0.0	0.8
1973	32.7	3.3	0.2	36.2	10.4	1.4	6.1	5.5	23.4	2.5	2.1	0.7	0.0	0.2	0.2	0.1	0.0	0.0	0.1	0.2	5.9	4.4	12.1	3.2	8.3	33.9	0.0	0.8
1974	34.2	3.3	0.2	37.7	9.6	1.4	6.5	5.4	22.8	2.4	1.9	1.1	0.0	0.2	0.2	0.1	0.0	0.0	0.1	0.2	5.5	4.6	12.0	3.0	7.9	33.1	0.0	0.7
1975	31.6	3.4	0.2	35.1	9.6	1.5	6.7	5.8	23.6	2.5	2.1	1.2	0.0	0.2	0.2	0.1	0.0	0.0	0.1	0.2	6.1	4.5	12.3	3.2	8.4	34.4	0.0	0.7
1976	32.0	3.5	0.2	35.7	9.0	1.7	7.0	5.5	23.2	2.3	2.0	1.1	0.0	0.2	0.2	0.1	0.0	0.0	0.1	0.2	5.4	4.6	13.0	2.8	8.7	34.5	0.0	0.7
1977	32.1	3.6	0.2	35.9	8.6	1.8	7.3	5.5	23.2	2.3	1.9	1.2	0.0	0.2	0.2	0.1	0.0	0.0	0.1	0.2	5.4	4.5	13.2	2.5	8.7	34.3	0.0	0.7
1978	31.0	3.7	0.2	34.9	8.3	1.9	7.7	5.5	23.3	2.4	2.0	1.2	0.0	0.2	0.2	0.1	0.0	0.0	0.1	0.2	5.5	4.5	13.8	2.3	9.0	35.0	0.0	0.7
1979	30.5	3.9	0.2	34.6	7.9	2.0	7.7	5.4	23.0	2.4	1.9	1.2	0.0	0.2	0.2	0.1	0.0	0.0	0.1	0.2	5.6	4.4	13.9	2.9	8.9	35.8	0.0	0.7
1980	30.7	3.9	0.2	34.8	7.4	2.0	7.8	5.4	22.6	2.3	1.7	1.2	0.0	0.2	0.2	0.1	0.0	0.0	0.1	0.2	5.5	4.5	13.6	3.8	8.9	36.3	0.0	0.7
1981	30.2	4.1	0.2	34.4	7.1	2.1	8.1	5.6	22.9	2.3	1.9	1.2	0.0	0.2	0.3	0.1	0.0	0.0	0.1	0.2	5.3	4.4	13.9	3.6	9.0	36.1	0.0	0.7
1982	28.6	4.1	0.2	32.9	6.8	2.2	9.0	5.6	23.6	2.3	2.0	1.2	0.0	0.3	0.3	0.1	0.0	0.0	0.1	0.2	5.4	4.2	13.8	4.1	9.1	36.7	0.0	0.8
1983	28.8	4.0	0.2	33.0	6.5	2.2	9.0	5.7	23.4	2.2	2.0	1.2	0.0	0.3	0.3	0.1	0.0	0.0	0.1	0.2	6.0	3.9	13.3	4.4	9.4	37.0	0.0	0.8
1984	27.9	4.1	0.2	32.1	6.2	2.3	9.2	5.7	23.3	2.2	2.0	1.2	0.0	0.3	0.3	0.1	0.0	0.0	0.1	0.2	5.9	3.8	15.2	4.0	9.0	37.9	0.0	0.8
1985	27.1	4.1	0.2	31.3	5.8	2.3	9.3	5.8	23.2	2.1	2.0	1.2	0.0	0.3	0.3	0.1	0.0	0.0	0.1	0.2	5.7	3.9	16.2	3.8	9.2	38.8	0.0	0.9
1986	26.2	4.2	0.2	30.6	5.5	2.5	9.5	5.9	23.5	2.1	2.1	1.3	0.0	0.3	0.3	0.1	0.0	0.0	0.1	0.2	5.4	4.1	15.7	3.6	10.3	39.1	0.0	0.9
1987	25.7	4.6	0.2	30.5	5.4	2.6	10.1	6.2	24.3	2.1	2.2	1.3	0.0	0.3	0.3	0.1	0.0	0.0	0.1	0.2	5.6	3.8	15.3	2.8	10.6	38.1	0.0	0.9
1988	26.1	4.7	0.2	31.0	5.2	2.6	9.9	6.1	23.8	2.1	2.2	1.4	0.0	0.3	0.3	0.1	0.0	0.0	0.1	0.2	5.4	3.8	15.4	2.6	10.8	38.1	0.0	0.9
1989	26.0	5.0	0.2	31.2	4.9	2.8	10.1	6.3	24.1	2.0	2.3	1.5	0.0	0.3	0.3	0.1	0.0	0.0	0.1	0.2	5.4	3.9	15.7	2.1	10.3	37.4	0.0	1.0
1990	24.9	5.2	0.2	30.3	4.5	2.8	10.4	6.2	24.0	2.0	2.2	1.6	0.0	0.3	0.3	0.1	0.0	0.0	0.1	0.2	5.5	4.1	15.9	2.5	10.4	38.3	0.0	1.1
1991	21.6	5.5	0.2	27.3	4.4	3.0	10.7	6.3	24.4	2.1	2.2	1.7	0.0	0.3	0.3	0.1	0.0	0.0	0.1	0.2	5.5	4.1	15.8	3.5	11.8	40.7	0.0	1.1
1992	21.1	5.6	0.2	26.9	4.2	2.9	10.7	6.2	23.9	2.0	2.2	1.9	0.0	0.3	0.3	0.1	0.0	0.0	C.1 	0.2	5.4	4.1	15.3	4.5	12.2	41.5	0.0	1.1
1993	20.3	5.7	0.2	26.2	3.9	2.7	10.7	6.1	23.5	2.0	2.1	1.9	0.0	0.3	0.3	0.1	0.0	0.0	0.1	0.2	5.7	4.1	16.7	4.3	12.0	42.7	0.0	1.0
1994	20.7	5.8	0.2	26.8	3.9	2.8	11.0	6.3	24.0	2.0	2.1	2.0	0.0	0.3	0.3	0.1	0.0	0.0	0.1	0.2	5.9	3.7	16.2	5.1	10.7	41.7	0.0	0.9
1995	21.1	5.9	0.2	27.2	3.8	2.7	11.3	6.2	24.0	2.0	2.0	2.0	0.0	0.3	0.3	0.1	0.0	0.0	0.1	0.2	5.6	3.5	15.6	5.4	11.2	41.4	0.0	0.9
1996	20.8	6.0	0.2	27.0	3.7	2.7	11.6	6.4	24.3	2.1	2.1	2.0	0.0	0.3	0.3	0.1	0.0	0.0	0.1	0.2	5.4	3.5	15.4	5.9	10.7	40.9	0.0	1.1
1997	20.9	6.2	0.2	27.3	3.7	2.6	11.9	6.7	24.9	2.1	2.2	2.0	0.0	0.3	0.3	0.1	0.0	0.0	0.1	0.2	5.3	3.2	14.5	5.3	11.7	39.9	0.0	1.0
